Linux 3.10.0-514.el7.x86_64 (localhost.localdomain) 	02/26/2020 	_x86_64_	(48 CPU)

11:47:28 PM     CPU     %user     %nice   %system   %iowait    %steal     %idle
11:47:29 PM     all      2.08      0.00      0.02      0.00      0.00     97.90
11:47:29 PM       0    100.00      0.00      0.00      0.00      0.00      0.00
11:47:29 PM       1      0.00      0.00      0.00      0.00      0.00    100.00
11:47:29 PM       2      0.00      0.00      0.00      0.00      0.00    100.00
11:47:29 PM       3      0.00      0.00      0.00      0.00      0.00    100.00
11:47:29 PM       4      0.00      0.00      0.00      0.00      0.00    100.00
11:47:29 PM       5      0.00      0.00      0.00      0.00      0.00    100.00
11:47:29 PM       6      0.00      0.00      0.00      0.00      0.00    100.00
11:47:29 PM       7      0.00      0.00      0.00      0.00      0.00    100.00
11:47:29 PM       8      0.00      0.00      0.00      0.00      0.00    100.00
11:47:29 PM       9      0.00      0.00      0.00      0.00      0.00    100.00
11:47:29 PM      10      0.00      0.00      0.00      0.00      0.00    100.00
11:47:29 PM      11      0.00      0.00      0.00      0.00      0.00    100.00
11:47:29 PM      12      0.00      0.00      0.00      0.00      0.00    100.00
11:47:29 PM      13      0.00      0.00      0.00      0.00      0.00    100.00
11:47:29 PM      14      0.00      0.00      0.00      0.00      0.00    100.00
11:47:29 PM      15      0.00      0.00      0.00      0.00      0.00    100.00
11:47:29 PM      16      0.00      0.00      0.00      0.00      0.00    100.00
11:47:29 PM      17      0.00      0.00      0.00      0.00      0.00    100.00
11:47:29 PM      18      0.00      0.00      0.00      0.00      0.00    100.00
11:47:29 PM      19      0.00      0.00      0.00      0.00      0.00    100.00
11:47:29 PM      20      0.00      0.00      0.00      0.00      0.00    100.00
11:47:29 PM      21      0.00      0.00      0.00      0.00      0.00    100.00
11:47:29 PM      22      0.00      0.00      0.00      0.00      0.00    100.00
11:47:29 PM      23      0.00      0.00      0.00      0.00      0.00    100.00
11:47:29 PM      24      0.00      0.00      0.00      0.00      0.00    100.00
11:47:29 PM      25      0.00      0.00      0.00      0.00      0.00    100.00
11:47:29 PM      26      0.00      0.00      0.00      0.00      0.00    100.00
11:47:29 PM      27      0.00      0.00      0.00      0.00      0.00    100.00
11:47:29 PM      28      0.00      0.00      0.00      0.00      0.00    100.00
11:47:29 PM      29      0.00      0.00      0.00      0.00      0.00    100.00
11:47:29 PM      30      0.00      0.00      0.00      0.00      0.00    100.00
11:47:29 PM      31      0.00      0.00      0.00      0.00      0.00    100.00
11:47:29 PM      32      0.00      0.00      0.00      0.00      0.00    100.00
11:47:29 PM      33      0.00      0.00      0.00      0.00      0.00    100.00
11:47:29 PM      34      0.00      0.00      0.00      0.00      0.00    100.00
11:47:29 PM      35      0.00      0.00      0.00      0.00      0.00    100.00
11:47:29 PM      36      0.00      0.00      0.00      0.00      0.00    100.00
11:47:29 PM      37      0.00      0.00      0.00      0.00      0.00    100.00
11:47:29 PM      38      0.00      0.00      0.00      0.00      0.00    100.00
11:47:29 PM      39      0.00      0.00      0.00      0.00      0.00    100.00
11:47:29 PM      40      0.00      0.00      0.00      0.00      0.00    100.00
11:47:29 PM      41      0.00      0.00      0.00      0.00      0.00    100.00
11:47:29 PM      42      0.00      0.00      0.00      0.00      0.00    100.00
11:47:29 PM      43      0.00      0.00      0.00      0.00      0.00    100.00
11:47:29 PM      44      0.00      0.00      0.00      0.00      0.00    100.00
11:47:29 PM      45      0.00      0.00      0.00      0.00      0.00    100.00
11:47:29 PM      46      0.00      0.00      0.00      0.00      0.00    100.00
11:47:29 PM      47      0.00      0.00      0.00      0.00      0.00    100.00

11:47:29 PM     CPU     %user     %nice   %system   %iowait    %steal     %idle
11:47:30 PM     all      2.06      0.00      0.04      0.00      0.00     97.90
11:47:30 PM       0     99.00      0.00      1.00      0.00      0.00      0.00
11:47:30 PM       1      0.00      0.00      0.00      0.00      0.00    100.00
11:47:30 PM       2      0.00      0.00      0.00      0.00      0.00    100.00
11:47:30 PM       3      0.00      0.00      0.00      0.00      0.00    100.00
11:47:30 PM       4      0.00      0.00      0.00      0.00      0.00    100.00
11:47:30 PM       5      0.00      0.00      0.00      0.00      0.00    100.00
11:47:30 PM       6      0.00      0.00      0.00      0.00      0.00    100.00
11:47:30 PM       7      0.00      0.00      0.00      0.00      0.00    100.00
11:47:30 PM       8      0.00      0.00      0.00      0.00      0.00    100.00
11:47:30 PM       9      0.00      0.00      0.00      0.00      0.00    100.00
11:47:30 PM      10      0.00      0.00      0.00      0.00      0.00    100.00
11:47:30 PM      11      0.00      0.00      0.00      0.00      0.00    100.00
11:47:30 PM      12      0.00      0.00      0.00      0.00      0.00    100.00
11:47:30 PM      13      0.00      0.00      0.00      0.00      0.00    100.00
11:47:30 PM      14      0.00      0.00      0.00      0.00      0.00    100.00
11:47:30 PM      15      0.00      0.00      0.00      0.00      0.00    100.00
11:47:30 PM      16      0.00      0.00      0.00      0.00      0.00    100.00
11:47:30 PM      17      0.00      0.00      0.00      0.00      0.00    100.00
11:47:30 PM      18      0.00      0.00      0.00      0.00      0.00    100.00
11:47:30 PM      19      0.00      0.00      0.00      0.00      0.00    100.00
11:47:30 PM      20      0.00      0.00      0.00      0.00      0.00    100.00
11:47:30 PM      21      0.00      0.00      0.00      0.00      0.00    100.00
11:47:30 PM      22      0.00      0.00      0.00      0.00      0.00    100.00
11:47:30 PM      23      0.00      0.00      0.00      0.00      0.00    100.00
11:47:30 PM      24      0.00      0.00      0.00      0.00      0.00    100.00
11:47:30 PM      25      0.00      0.00      0.00      0.00      0.00    100.00
11:47:30 PM      26      0.00      0.00      0.00      0.00      0.00    100.00
11:47:30 PM      27      0.00      0.00      0.00      0.00      0.00    100.00
11:47:30 PM      28      0.00      0.00      0.00      0.00      0.00    100.00
11:47:30 PM      29      0.00      0.00      0.00      0.00      0.00    100.00
11:47:30 PM      30      0.00      0.00      0.00      0.00      0.00    100.00
11:47:30 PM      31      0.00      0.00      0.00      0.00      0.00    100.00
11:47:30 PM      32      0.00      0.00      0.00      0.00      0.00    100.00
11:47:30 PM      33      0.00      0.00      0.00      0.00      0.00    100.00
11:47:30 PM      34      0.00      0.00      0.00      0.00      0.00    100.00
11:47:30 PM      35      0.00      0.00      0.00      0.00      0.00    100.00
11:47:30 PM      36      0.00      0.00      0.00      0.00      0.00    100.00
11:47:30 PM      37      0.00      0.00      0.00      0.00      0.00    100.00
11:47:30 PM      38      0.00      0.00      0.00      0.00      0.00    100.00
11:47:30 PM      39      0.00      0.00      1.00      0.00      0.00     99.00
11:47:30 PM      40      0.00      0.00      0.00      0.00      0.00    100.00
11:47:30 PM      41      0.00      0.00      0.00      0.00      0.00    100.00
11:47:30 PM      42      0.00      0.00      0.00      0.00      0.00    100.00
11:47:30 PM      43      0.00      0.00      0.00      0.00      0.00    100.00
11:47:30 PM      44      0.00      0.00      0.00      0.00      0.00    100.00
11:47:30 PM      45      0.00      0.00      0.00      0.00      0.00    100.00
11:47:30 PM      46      0.00      0.00      0.00      0.00      0.00    100.00
11:47:30 PM      47      0.00      0.00      0.00      0.00      0.00    100.00

11:47:30 PM     CPU     %user     %nice   %system   %iowait    %steal     %idle
11:47:31 PM     all      1.88      0.00      0.23      0.00      0.00     97.89
11:47:31 PM       0     89.11      0.00     10.89      0.00      0.00      0.00
11:47:31 PM       1      0.00      0.00      0.00      0.00      0.00    100.00
11:47:31 PM       2      0.00      0.00      0.00      0.00      0.00    100.00
11:47:31 PM       3      0.00      0.00      0.00      0.00      0.00    100.00
11:47:31 PM       4      0.00      0.00      0.00      0.00      0.00    100.00
11:47:31 PM       5      0.00      0.00      0.00      0.00      0.00    100.00
11:47:31 PM       6      0.00      0.00      0.00      0.00      0.00    100.00
11:47:31 PM       7      0.00      0.00      0.00      0.00      0.00    100.00
11:47:31 PM       8      0.00      0.00      0.00      0.00      0.00    100.00
11:47:31 PM       9      0.00      0.00      0.00      0.00      0.00    100.00
11:47:31 PM      10      0.00      0.00      0.00      0.00      0.00    100.00
11:47:31 PM      11      0.00      0.00      0.00      0.00      0.00    100.00
11:47:31 PM      12      0.00      0.00      0.00      0.00      0.00    100.00
11:47:31 PM      13      0.00      0.00      0.00      0.00      0.00    100.00
11:47:31 PM      14      0.00      0.00      0.00      0.00      0.00    100.00
11:47:31 PM      15      0.00      0.00      0.00      0.00      0.00    100.00
11:47:31 PM      16      0.00      0.00      0.00      0.00      0.00    100.00
11:47:31 PM      17      0.00      0.00      0.00      0.00      0.00    100.00
11:47:31 PM      18      0.00      0.00      0.00      0.00      0.00    100.00
11:47:31 PM      19      0.00      0.00      0.00      0.00      0.00    100.00
11:47:31 PM      20      0.00      0.00      0.00      0.00      0.00    100.00
11:47:31 PM      21      0.00      0.00      0.00      0.00      0.00    100.00
11:47:31 PM      22      0.00      0.00      0.00      0.00      0.00    100.00
11:47:31 PM      23      0.00      0.00      0.00      0.00      0.00    100.00
11:47:31 PM      24      0.00      0.00      0.00      0.00      0.00    100.00
11:47:31 PM      25      0.00      0.00      0.00      0.00      0.00    100.00
11:47:31 PM      26      0.00      0.00      0.00      0.00      0.00    100.00
11:47:31 PM      27      0.00      0.00      0.00      0.00      0.00    100.00
11:47:31 PM      28      0.00      0.00      0.00      0.00      0.00    100.00
11:47:31 PM      29      0.00      0.00      0.00      0.00      0.00    100.00
11:47:31 PM      30      0.00      0.00      0.00      0.00      0.00    100.00
11:47:31 PM      31      0.00      0.00      0.00      0.00      0.00    100.00
11:47:31 PM      32      0.00      0.00      0.00      0.00      0.00    100.00
11:47:31 PM      33      0.00      0.00      0.00      0.00      0.00    100.00
11:47:31 PM      34      0.00      0.00      0.00      0.00      0.00    100.00
11:47:31 PM      35      0.00      0.00      0.00      0.00      0.00    100.00
11:47:31 PM      36      0.00      0.00      0.00      0.00      0.00    100.00
11:47:31 PM      37      0.00      0.00      0.00      0.00      0.00    100.00
11:47:31 PM      38      0.00      0.00      0.00      0.00      0.00    100.00
11:47:31 PM      39      0.00      0.00      1.00      0.00      0.00     99.00
11:47:31 PM      40      0.00      0.00      0.00      0.00      0.00    100.00
11:47:31 PM      41      0.00      0.00      0.00      0.00      0.00    100.00
11:47:31 PM      42      0.00      0.00      0.00      0.00      0.00    100.00
11:47:31 PM      43      0.00      0.00      0.00      0.00      0.00    100.00
11:47:31 PM      44      0.00      0.00      0.00      0.00      0.00    100.00
11:47:31 PM      45      0.00      0.00      0.00      0.00      0.00    100.00
11:47:31 PM      46      0.00      0.00      0.00      0.00      0.00    100.00
11:47:31 PM      47      0.00      0.00      0.00      0.00      0.00    100.00

11:47:31 PM     CPU     %user     %nice   %system   %iowait    %steal     %idle
11:47:32 PM     all      1.88      0.00      0.23      0.00      0.00     97.89
11:47:32 PM       0     90.00      0.00     10.00      0.00      0.00      0.00
11:47:32 PM       1      0.00      0.00      0.00      0.00      0.00    100.00
11:47:32 PM       2      0.00      0.00      0.00      0.00      0.00    100.00
11:47:32 PM       3      0.99      0.00      0.00      0.00      0.00     99.01
11:47:32 PM       4      0.00      0.00      0.00      0.00      0.00    100.00
11:47:32 PM       5      0.00      0.00      0.00      0.00      0.00    100.00
11:47:32 PM       6      0.00      0.00      0.00      0.00      0.00    100.00
11:47:32 PM       7      0.00      0.00      0.00      0.00      0.00    100.00
11:47:32 PM       8      0.00      0.00      0.00      0.00      0.00    100.00
11:47:32 PM       9      0.00      0.00      0.00      0.00      0.00    100.00
11:47:32 PM      10      0.00      0.00      0.00      0.00      0.00    100.00
11:47:32 PM      11      0.00      0.00      0.00      0.00      0.00    100.00
11:47:32 PM      12      0.00      0.00      0.00      0.00      0.00    100.00
11:47:32 PM      13      0.00      0.00      0.00      0.00      0.00    100.00
11:47:32 PM      14      0.00      0.00      0.00      0.00      0.00    100.00
11:47:32 PM      15      0.00      0.00      0.00      0.00      0.00    100.00
11:47:32 PM      16      0.00      0.00      0.00      0.00      0.00    100.00
11:47:32 PM      17      0.00      0.00      0.00      0.00      0.00    100.00
11:47:32 PM      18      0.00      0.00      0.00      0.00      0.00    100.00
11:47:32 PM      19      0.00      0.00      0.00      0.00      0.00    100.00
11:47:32 PM      20      0.00      0.00      0.00      0.00      0.00    100.00
11:47:32 PM      21      0.00      0.00      0.00      0.00      0.00    100.00
11:47:32 PM      22      0.00      0.00      0.99      0.00      0.00     99.01
11:47:32 PM      23      0.00      0.00      0.00      0.00      0.00    100.00
11:47:32 PM      24      0.99      0.00      0.00      0.00      0.00     99.01
11:47:32 PM      25      0.00      0.00      0.00      0.00      0.00    100.00
11:47:32 PM      26      0.00      0.00      0.00      0.00      0.00    100.00
11:47:32 PM      27      0.00      0.00      0.00      0.00      0.00    100.00
11:47:32 PM      28      0.00      0.00      0.00      0.00      0.00    100.00
11:47:32 PM      29      0.00      0.00      0.00      0.00      0.00    100.00
11:47:32 PM      30      0.00      0.00      0.00      0.00      0.00    100.00
11:47:32 PM      31      0.00      0.00      0.00      0.00      0.00    100.00
11:47:32 PM      32      0.00      0.00      0.00      0.00      0.00    100.00
11:47:32 PM      33      0.00      0.00      0.00      0.00      0.00    100.00
11:47:32 PM      34      0.00      0.00      0.00      0.00      0.00    100.00
11:47:32 PM      35      0.00      0.00      0.00      0.00      0.00    100.00
11:47:32 PM      36      0.00      0.00      0.00      0.00      0.00    100.00
11:47:32 PM      37      0.00      0.00      0.00      0.00      0.00    100.00
11:47:32 PM      38      0.00      0.00      0.00      0.00      0.00    100.00
11:47:32 PM      39      0.00      0.00      0.00      0.00      0.00    100.00
11:47:32 PM      40      0.00      0.00      0.00      0.00      0.00    100.00
11:47:32 PM      41      0.00      0.00      0.00      0.00      0.00    100.00
11:47:32 PM      42      0.00      0.00      0.00      0.00      0.00    100.00
11:47:32 PM      43      0.00      0.00      0.00      0.00      0.00    100.00
11:47:32 PM      44      0.00      0.00      0.00      0.00      0.00    100.00
11:47:32 PM      45      0.00      0.00      0.00      0.00      0.00    100.00
11:47:32 PM      46      0.00      0.00      0.00      0.00      0.00    100.00
11:47:32 PM      47      0.00      0.00      0.00      0.00      0.00    100.00

11:47:32 PM     CPU     %user     %nice   %system   %iowait    %steal     %idle
11:47:33 PM     all      1.85      0.00      0.29      0.00      0.00     97.85
11:47:33 PM       0     88.89      0.00     11.11      0.00      0.00      0.00
11:47:33 PM       1      0.00      0.00      0.00      0.00      0.00    100.00
11:47:33 PM       2      0.00      0.00      0.00      0.00      0.00    100.00
11:47:33 PM       3      0.00      0.00      0.00      0.00      0.00    100.00
11:47:33 PM       4      0.00      0.00      0.00      0.00      0.00    100.00
11:47:33 PM       5      0.00      0.00      0.00      0.00      0.00    100.00
11:47:33 PM       6      0.00      0.00      0.00      0.00      0.00    100.00
11:47:33 PM       7      0.00      0.00      0.00      0.00      0.00    100.00
11:47:33 PM       8      0.00      0.00      0.00      0.00      0.00    100.00
11:47:33 PM       9      0.00      0.00      0.00      0.00      0.00    100.00
11:47:33 PM      10      0.00      0.00      0.00      0.00      0.00    100.00
11:47:33 PM      11      0.00      0.00      0.00      0.00      0.00    100.00
11:47:33 PM      12      0.00      0.00      0.00      0.00      0.00    100.00
11:47:33 PM      13      0.00      0.00      0.00      0.00      0.00    100.00
11:47:33 PM      14      0.00      0.00      0.00      0.00      0.00    100.00
11:47:33 PM      15      0.00      0.00      0.00      0.00      0.00    100.00
11:47:33 PM      16      0.00      0.00      0.00      0.00      0.00    100.00
11:47:33 PM      17      0.00      0.00      0.00      0.00      0.00    100.00
11:47:33 PM      18      0.00      0.00      0.00      0.00      0.00    100.00
11:47:33 PM      19      0.00      0.00      0.00      0.00      0.00    100.00
11:47:33 PM      20      0.00      0.00      0.00      0.00      0.00    100.00
11:47:33 PM      21      0.00      0.00      0.00      0.00      0.00    100.00
11:47:33 PM      22      0.00      0.00      0.00      0.00      0.00    100.00
11:47:33 PM      23      0.00      0.00      0.00      0.00      0.00    100.00
11:47:33 PM      24      0.00      0.00      0.00      0.00      0.00    100.00
11:47:33 PM      25      0.00      0.00      0.00      0.00      0.00    100.00
11:47:33 PM      26      0.00      0.00      0.00      0.00      0.00    100.00
11:47:33 PM      27      0.00      0.00      0.00      0.00      0.00    100.00
11:47:33 PM      28      0.00      0.00      0.00      0.00      0.00    100.00
11:47:33 PM      29      0.00      0.00      0.00      0.00      0.00    100.00
11:47:33 PM      30      0.00      0.00      0.00      0.00      0.00    100.00
11:47:33 PM      31      0.00      0.00      0.00      0.00      0.00    100.00
11:47:33 PM      32      0.00      0.00      0.00      0.00      0.00    100.00
11:47:33 PM      33      0.00      0.00      0.00      0.00      0.00    100.00
11:47:33 PM      34      0.00      0.00      0.00      0.00      0.00    100.00
11:47:33 PM      35      0.00      0.00      0.00      0.00      0.00    100.00
11:47:33 PM      36      0.00      0.00      0.00      0.00      0.00    100.00
11:47:33 PM      37      0.00      0.00      0.00      0.00      0.00    100.00
11:47:33 PM      38      0.00      0.00      0.00      0.00      0.00    100.00
11:47:33 PM      39      0.00      0.00      1.00      0.00      0.00     99.00
11:47:33 PM      40      0.00      0.00      0.00      0.00      0.00    100.00
11:47:33 PM      41      0.00      0.00      0.00      0.00      0.00    100.00
11:47:33 PM      42      0.00      0.00      0.00      0.00      0.00    100.00
11:47:33 PM      43      0.00      0.00      0.00      0.00      0.00    100.00
11:47:33 PM      44      0.00      0.00      0.00      0.00      0.00    100.00
11:47:33 PM      45      0.00      0.00      0.00      0.00      0.00    100.00
11:47:33 PM      46      0.00      0.00      0.00      0.00      0.00    100.00
11:47:33 PM      47      0.00      0.00      0.00      0.00      0.00    100.00

11:47:33 PM     CPU     %user     %nice   %system   %iowait    %steal     %idle
11:47:34 PM     all      1.90      0.00      0.19      0.06      0.00     97.85
11:47:34 PM       0     91.00      0.00      9.00      0.00      0.00      0.00
11:47:34 PM       1      0.00      0.00      0.00      0.00      0.00    100.00
11:47:34 PM       2      0.00      0.00      0.00      0.00      0.00    100.00
11:47:34 PM       3      0.00      0.00      0.00      0.00      0.00    100.00
11:47:34 PM       4      0.00      0.00      0.00      0.00      0.00    100.00
11:47:34 PM       5      0.00      0.00      0.00      0.00      0.00    100.00
11:47:34 PM       6      0.00      0.00      0.00      0.00      0.00    100.00
11:47:34 PM       7      0.00      0.00      0.00      0.00      0.00    100.00
11:47:34 PM       8      0.00      0.00      0.00      0.00      0.00    100.00
11:47:34 PM       9      0.00      0.00      0.00      0.00      0.00    100.00
11:47:34 PM      10      0.00      0.00      0.00      0.00      0.00    100.00
11:47:34 PM      11      0.00      0.00      0.00      0.00      0.00    100.00
11:47:34 PM      12      0.00      0.00      0.00      0.00      0.00    100.00
11:47:34 PM      13      0.00      0.00      0.00      0.00      0.00    100.00
11:47:34 PM      14      0.00      0.00      0.00      0.00      0.00    100.00
11:47:34 PM      15      0.00      0.00      0.00      0.00      0.00    100.00
11:47:34 PM      16      0.00      0.00      0.00      0.00      0.00    100.00
11:47:34 PM      17      0.00      0.00      0.00      0.00      0.00    100.00
11:47:34 PM      18      0.00      0.00      0.00      0.00      0.00    100.00
11:47:34 PM      19      0.00      0.00      0.00      0.00      0.00    100.00
11:47:34 PM      20      0.00      0.00      0.00      0.00      0.00    100.00
11:47:34 PM      21      0.00      0.00      0.00      0.00      0.00    100.00
11:47:34 PM      22      0.00      0.00      0.00      0.00      0.00    100.00
11:47:34 PM      23      0.00      0.00      0.00      0.00      0.00    100.00
11:47:34 PM      24      0.00      0.00      0.00      0.00      0.00    100.00
11:47:34 PM      25      0.00      0.00      0.00      0.00      0.00    100.00
11:47:34 PM      26      0.00      0.00      0.00      0.00      0.00    100.00
11:47:34 PM      27      0.00      0.00      0.00      0.00      0.00    100.00
11:47:34 PM      28      0.00      0.00      0.00      0.00      0.00    100.00
11:47:34 PM      29      0.00      0.00      0.00      0.00      0.00    100.00
11:47:34 PM      30      0.00      0.00      0.00      0.00      0.00    100.00
11:47:34 PM      31      0.00      0.00      0.00      0.00      0.00    100.00
11:47:34 PM      32      0.00      0.00      0.00      0.00      0.00    100.00
11:47:34 PM      33      0.00      0.00      0.00      0.00      0.00    100.00
11:47:34 PM      34      0.00      0.00      0.00      3.00      0.00     97.00
11:47:34 PM      35      0.00      0.00      0.00      0.00      0.00    100.00
11:47:34 PM      36      0.00      0.00      0.00      0.00      0.00    100.00
11:47:34 PM      37      0.00      0.00      0.00      0.00      0.00    100.00
11:47:34 PM      38      0.00      0.00      0.00      0.00      0.00    100.00
11:47:34 PM      39      0.00      0.00      1.00      0.00      0.00     99.00
11:47:34 PM      40      0.00      0.00      0.00      0.00      0.00    100.00
11:47:34 PM      41      0.00      0.00      0.00      0.00      0.00    100.00
11:47:34 PM      42      0.00      0.00      0.00      0.00      0.00    100.00
11:47:34 PM      43      0.00      0.00      0.00      0.00      0.00    100.00
11:47:34 PM      44      0.00      0.00      0.00      0.00      0.00    100.00
11:47:34 PM      45      0.00      0.00      0.00      0.00      0.00    100.00
11:47:34 PM      46      0.00      0.00      0.00      0.00      0.00    100.00
11:47:34 PM      47      0.00      0.00      0.00      0.00      0.00    100.00

11:47:34 PM     CPU     %user     %nice   %system   %iowait    %steal     %idle
11:47:35 PM     all      1.88      0.00      0.25      0.00      0.00     97.87
11:47:35 PM       0     89.11      0.00     10.89      0.00      0.00      0.00
11:47:35 PM       1      0.00      0.00      0.00      0.00      0.00    100.00
11:47:35 PM       2      0.00      0.00      0.00      0.00      0.00    100.00
11:47:35 PM       3      0.00      0.00      0.00      0.00      0.00    100.00
11:47:35 PM       4      0.00      0.00      0.00      0.00      0.00    100.00
11:47:35 PM       5      0.00      0.00      0.00      0.00      0.00    100.00
11:47:35 PM       6      0.00      0.00      0.00      0.00      0.00    100.00
11:47:35 PM       7      0.00      0.00      0.00      0.00      0.00    100.00
11:47:35 PM       8      0.00      0.00      0.00      0.00      0.00    100.00
11:47:35 PM       9      0.00      0.00      0.00      0.00      0.00    100.00
11:47:35 PM      10      0.00      0.00      0.00      0.00      0.00    100.00
11:47:35 PM      11      0.00      0.00      0.00      0.00      0.00    100.00
11:47:35 PM      12      0.00      0.00      0.00      0.00      0.00    100.00
11:47:35 PM      13      0.00      0.00      0.00      0.00      0.00    100.00
11:47:35 PM      14      0.00      0.00      0.00      0.00      0.00    100.00
11:47:35 PM      15      0.00      0.00      0.00      0.00      0.00    100.00
11:47:35 PM      16      0.00      0.00      0.00      0.00      0.00    100.00
11:47:35 PM      17      0.00      0.00      0.00      0.00      0.00    100.00
11:47:35 PM      18      0.00      0.00      0.00      0.00      0.00    100.00
11:47:35 PM      19      0.00      0.00      0.00      0.00      0.00    100.00
11:47:35 PM      20      0.00      0.00      0.00      0.00      0.00    100.00
11:47:35 PM      21      0.00      0.00      0.00      0.00      0.00    100.00
11:47:35 PM      22      0.00      0.00      0.00      0.00      0.00    100.00
11:47:35 PM      23      0.00      0.00      0.00      0.00      0.00    100.00
11:47:35 PM      24      0.00      0.00      0.00      0.00      0.00    100.00
11:47:35 PM      25      0.00      0.00      0.00      0.00      0.00    100.00
11:47:35 PM      26      0.00      0.00      0.00      0.00      0.00    100.00
11:47:35 PM      27      0.00      0.00      0.00      0.00      0.00    100.00
11:47:35 PM      28      0.00      0.00      0.00      0.00      0.00    100.00
11:47:35 PM      29      0.00      0.00      0.00      0.00      0.00    100.00
11:47:35 PM      30      0.00      0.00      0.00      0.00      0.00    100.00
11:47:35 PM      31      0.00      0.00      0.00      0.00      0.00    100.00
11:47:35 PM      32      0.00      0.00      0.00      0.00      0.00    100.00
11:47:35 PM      33      0.00      0.00      0.00      0.00      0.00    100.00
11:47:35 PM      34      0.00      0.00      0.00      0.00      0.00    100.00
11:47:35 PM      35      0.00      0.00      0.00      0.00      0.00    100.00
11:47:35 PM      36      0.00      0.00      0.00      0.00      0.00    100.00
11:47:35 PM      37      0.00      0.00      0.00      0.00      0.00    100.00
11:47:35 PM      38      0.00      0.00      0.00      0.00      0.00    100.00
11:47:35 PM      39      0.00      0.00      0.00      0.00      0.00    100.00
11:47:35 PM      40      0.00      0.00      0.00      0.00      0.00    100.00
11:47:35 PM      41      0.00      0.00      0.00      0.00      0.00    100.00
11:47:35 PM      42      0.00      0.00      0.00      0.00      0.00    100.00
11:47:35 PM      43      0.00      0.00      0.00      0.00      0.00    100.00
11:47:35 PM      44      0.00      0.00      0.00      0.00      0.00    100.00
11:47:35 PM      45      0.00      0.00      0.00      0.00      0.00    100.00
11:47:35 PM      46      0.00      0.00      0.00      0.00      0.00    100.00
11:47:35 PM      47      0.00      0.00      0.00      0.00      0.00    100.00

11:47:35 PM     CPU     %user     %nice   %system   %iowait    %steal     %idle
11:47:36 PM     all      1.81      0.00      0.27      0.00      0.00     97.92
11:47:36 PM       0     87.88      0.00     12.12      0.00      0.00      0.00
11:47:36 PM       1      0.00      0.00      0.00      0.00      0.00    100.00
11:47:36 PM       2      0.00      0.00      0.00      0.00      0.00    100.00
11:47:36 PM       3      0.00      0.00      0.00      0.00      0.00    100.00
11:47:36 PM       4      0.00      0.00      0.00      0.00      0.00    100.00
11:47:36 PM       5      0.00      0.00      0.00      0.00      0.00    100.00
11:47:36 PM       6      0.00      0.00      0.00      0.00      0.00    100.00
11:47:36 PM       7      0.00      0.00      0.00      0.00      0.00    100.00
11:47:36 PM       8      0.00      0.00      0.00      0.00      0.00    100.00
11:47:36 PM       9      0.00      0.00      0.00      0.00      0.00    100.00
11:47:36 PM      10      0.00      0.00      0.00      0.00      0.00    100.00
11:47:36 PM      11      0.00      0.00      0.00      0.00      0.00    100.00
11:47:36 PM      12      0.00      0.00      0.00      0.00      0.00    100.00
11:47:36 PM      13      0.00      0.00      0.00      0.00      0.00    100.00
11:47:36 PM      14      0.00      0.00      0.00      0.00      0.00    100.00
11:47:36 PM      15      0.00      0.00      0.00      0.00      0.00    100.00
11:47:36 PM      16      0.00      0.00      0.00      0.00      0.00    100.00
11:47:36 PM      17      0.00      0.00      0.00      0.00      0.00    100.00
11:47:36 PM      18      0.00      0.00      0.00      0.00      0.00    100.00
11:47:36 PM      19      0.00      0.00      0.00      0.00      0.00    100.00
11:47:36 PM      20      0.00      0.00      0.00      0.00      0.00    100.00
11:47:36 PM      21      0.00      0.00      0.00      0.00      0.00    100.00
11:47:36 PM      22      0.00      0.00      0.00      0.00      0.00    100.00
11:47:36 PM      23      0.00      0.00      0.00      0.00      0.00    100.00
11:47:36 PM      24      0.00      0.00      0.00      0.00      0.00    100.00
11:47:36 PM      25      0.00      0.00      0.00      0.00      0.00    100.00
11:47:36 PM      26      0.00      0.00      0.00      0.00      0.00    100.00
11:47:36 PM      27      0.00      0.00      0.00      0.00      0.00    100.00
11:47:36 PM      28      0.00      0.00      0.00      0.00      0.00    100.00
11:47:36 PM      29      0.00      0.00      0.00      0.00      0.00    100.00
11:47:36 PM      30      0.00      0.00      0.00      0.00      0.00    100.00
11:47:36 PM      31      0.00      0.00      0.00      0.00      0.00    100.00
11:47:36 PM      32      0.00      0.00      0.00      0.00      0.00    100.00
11:47:36 PM      33      0.00      0.00      0.00      0.00      0.00    100.00
11:47:36 PM      34      0.00      0.00      0.00      0.00      0.00    100.00
11:47:36 PM      35      0.00      0.00      0.00      0.00      0.00    100.00
11:47:36 PM      36      0.00      0.00      0.00      0.00      0.00    100.00
11:47:36 PM      37      0.00      0.00      0.00      0.00      0.00    100.00
11:47:36 PM      38      0.00      0.00      0.00      0.00      0.00    100.00
11:47:36 PM      39      0.00      0.00      0.99      0.00      0.00     99.01
11:47:36 PM      40      0.00      0.00      0.00      0.00      0.00    100.00
11:47:36 PM      41      0.00      0.00      0.00      0.00      0.00    100.00
11:47:36 PM      42      0.00      0.00      0.00      0.00      0.00    100.00
11:47:36 PM      43      0.00      0.00      0.00      0.00      0.00    100.00
11:47:36 PM      44      0.00      0.00      0.00      0.00      0.00    100.00
11:47:36 PM      45      0.00      0.00      0.00      0.00      0.00    100.00
11:47:36 PM      46      0.00      0.00      0.00      0.00      0.00    100.00
11:47:36 PM      47      0.00      0.00      0.00      0.00      0.00    100.00

11:47:36 PM     CPU     %user     %nice   %system   %iowait    %steal     %idle
11:47:37 PM     all      1.85      0.00      0.27      0.00      0.00     97.88
11:47:37 PM       0     88.12      0.00     11.88      0.00      0.00      0.00
11:47:37 PM       1      0.00      0.00      0.00      0.00      0.00    100.00
11:47:37 PM       2      0.00      0.00      0.00      0.00      0.00    100.00
11:47:37 PM       3      0.00      0.00      0.00      0.00      0.00    100.00
11:47:37 PM       4      0.00      0.00      0.00      0.00      0.00    100.00
11:47:37 PM       5      0.00      0.00      0.00      0.00      0.00    100.00
11:47:37 PM       6      0.00      0.00      0.00      0.00      0.00    100.00
11:47:37 PM       7      0.00      0.00      0.00      0.00      0.00    100.00
11:47:37 PM       8      0.00      0.00      0.00      0.00      0.00    100.00
11:47:37 PM       9      0.00      0.00      0.00      0.00      0.00    100.00
11:47:37 PM      10      0.00      0.00      0.00      0.00      0.00    100.00
11:47:37 PM      11      0.00      0.00      0.00      0.00      0.00    100.00
11:47:37 PM      12      0.00      0.00      0.00      0.00      0.00    100.00
11:47:37 PM      13      0.00      0.00      0.00      0.00      0.00    100.00
11:47:37 PM      14      0.00      0.00      0.00      0.00      0.00    100.00
11:47:37 PM      15      0.00      0.00      0.00      0.00      0.00    100.00
11:47:37 PM      16      0.00      0.00      0.00      0.00      0.00    100.00
11:47:37 PM      17      0.00      0.00      0.00      0.00      0.00    100.00
11:47:37 PM      18      0.00      0.00      0.00      0.00      0.00    100.00
11:47:37 PM      19      0.00      0.00      0.00      0.00      0.00    100.00
11:47:37 PM      20      0.00      0.00      0.00      0.00      0.00    100.00
11:47:37 PM      21      0.00      0.00      0.00      0.00      0.00    100.00
11:47:37 PM      22      0.00      0.00      0.00      0.00      0.00    100.00
11:47:37 PM      23      0.00      0.00      0.00      0.00      0.00    100.00
11:47:37 PM      24      0.00      0.00      0.00      0.00      0.00    100.00
11:47:37 PM      25      0.00      0.00      0.00      0.00      0.00    100.00
11:47:37 PM      26      0.00      0.00      0.00      0.00      0.00    100.00
11:47:37 PM      27      0.00      0.00      0.00      0.00      0.00    100.00
11:47:37 PM      28      0.00      0.00      0.00      0.00      0.00    100.00
11:47:37 PM      29      0.00      0.00      0.00      0.00      0.00    100.00
11:47:37 PM      30      0.00      0.00      0.00      0.00      0.00    100.00
11:47:37 PM      31      0.00      0.00      0.00      0.00      0.00    100.00
11:47:37 PM      32      0.00      0.00      0.00      0.00      0.00    100.00
11:47:37 PM      33      0.00      0.00      0.00      0.00      0.00    100.00
11:47:37 PM      34      0.00      0.00      0.00      0.00      0.00    100.00
11:47:37 PM      35      0.00      0.00      0.00      0.00      0.00    100.00
11:47:37 PM      36      0.00      0.00      0.00      0.00      0.00    100.00
11:47:37 PM      37      0.00      0.00      0.00      0.00      0.00    100.00
11:47:37 PM      38      0.00      0.00      0.00      0.00      0.00    100.00
11:47:37 PM      39      0.00      0.00      1.00      0.00      0.00     99.00
11:47:37 PM      40      0.00      0.00      0.00      0.00      0.00    100.00
11:47:37 PM      41      0.00      0.00      0.00      0.00      0.00    100.00
11:47:37 PM      42      0.00      0.00      0.00      0.00      0.00    100.00
11:47:37 PM      43      0.00      0.00      0.00      0.00      0.00    100.00
11:47:37 PM      44      0.00      0.00      0.00      0.00      0.00    100.00
11:47:37 PM      45      0.00      0.00      0.00      0.00      0.00    100.00
11:47:37 PM      46      0.00      0.00      0.00      0.00      0.00    100.00
11:47:37 PM      47      0.00      0.00      0.00      0.00      0.00    100.00

11:47:37 PM     CPU     %user     %nice   %system   %iowait    %steal     %idle
11:47:38 PM     all      1.83      0.00      0.25      0.00      0.00     97.92
11:47:38 PM       0     88.89      0.00     11.11      0.00      0.00      0.00
11:47:38 PM       1      0.00      0.00      0.00      0.00      0.00    100.00
11:47:38 PM       2      0.00      0.00      0.00      0.00      0.00    100.00
11:47:38 PM       3      0.00      0.00      0.00      0.00      0.00    100.00
11:47:38 PM       4      0.00      0.00      0.00      0.00      0.00    100.00
11:47:38 PM       5      0.00      0.00      0.00      0.00      0.00    100.00
11:47:38 PM       6      0.00      0.00      0.00      0.00      0.00    100.00
11:47:38 PM       7      0.00      0.00      0.00      0.00      0.00    100.00
11:47:38 PM       8      0.00      0.00      0.00      0.00      0.00    100.00
11:47:38 PM       9      0.00      0.00      0.00      0.00      0.00    100.00
11:47:38 PM      10      0.00      0.00      0.00      0.00      0.00    100.00
11:47:38 PM      11      0.00      0.00      0.00      0.00      0.00    100.00
11:47:38 PM      12      0.00      0.00      0.00      0.00      0.00    100.00
11:47:38 PM      13      0.00      0.00      0.00      0.00      0.00    100.00
11:47:38 PM      14      0.00      0.00      0.00      0.00      0.00    100.00
11:47:38 PM      15      0.00      0.00      0.00      0.00      0.00    100.00
11:47:38 PM      16      0.00      0.00      0.00      0.00      0.00    100.00
11:47:38 PM      17      0.00      0.00      0.00      0.00      0.00    100.00
11:47:38 PM      18      0.00      0.00      0.00      0.00      0.00    100.00
11:47:38 PM      19      0.00      0.00      0.00      0.00      0.00    100.00
11:47:38 PM      20      0.00      0.00      0.00      0.00      0.00    100.00
11:47:38 PM      21      0.00      0.00      0.00      0.00      0.00    100.00
11:47:38 PM      22      0.00      0.00      0.00      0.00      0.00    100.00
11:47:38 PM      23      0.00      0.00      0.00      0.00      0.00    100.00
11:47:38 PM      24      0.00      0.00      0.00      0.00      0.00    100.00
11:47:38 PM      25      0.00      0.00      0.00      0.00      0.00    100.00
11:47:38 PM      26      0.00      0.00      0.00      0.00      0.00    100.00
11:47:38 PM      27      0.00      0.00      0.00      0.00      0.00    100.00
11:47:38 PM      28      0.00      0.00      0.00      0.00      0.00    100.00
11:47:38 PM      29      0.00      0.00      0.00      0.00      0.00    100.00
11:47:38 PM      30      0.00      0.00      0.00      0.00      0.00    100.00
11:47:38 PM      31      0.00      0.00      0.00      0.00      0.00    100.00
11:47:38 PM      32      0.00      0.00      0.00      0.00      0.00    100.00
11:47:38 PM      33      0.00      0.00      0.00      0.00      0.00    100.00
11:47:38 PM      34      0.00      0.00      0.00      0.00      0.00    100.00
11:47:38 PM      35      0.00      0.00      0.00      0.00      0.00    100.00
11:47:38 PM      36      0.00      0.00      0.00      0.00      0.00    100.00
11:47:38 PM      37      0.00      0.00      0.99      0.00      0.00     99.01
11:47:38 PM      38      0.00      0.00      0.00      0.00      0.00    100.00
11:47:38 PM      39      0.00      0.00      0.00      0.00      0.00    100.00
11:47:38 PM      40      0.00      0.00      0.00      0.00      0.00    100.00
11:47:38 PM      41      0.00      0.00      0.00      0.00      0.00    100.00
11:47:38 PM      42      0.00      0.00      0.00      0.00      0.00    100.00
11:47:38 PM      43      0.00      0.00      0.00      0.00      0.00    100.00
11:47:38 PM      44      0.00      0.00      0.00      0.00      0.00    100.00
11:47:38 PM      45      0.00      0.00      0.00      0.00      0.00    100.00
11:47:38 PM      46      0.00      0.00      0.00      0.00      0.00    100.00
11:47:38 PM      47      0.00      0.00      0.00      0.00      0.00    100.00

11:47:38 PM     CPU     %user     %nice   %system   %iowait    %steal     %idle
11:47:39 PM     all      1.90      0.00      0.21      0.19      0.00     97.71
11:47:39 PM       0     90.10      0.00      9.90      0.00      0.00      0.00
11:47:39 PM       1      0.00      0.00      0.00      0.00      0.00    100.00
11:47:39 PM       2      0.00      0.00      0.00      0.00      0.00    100.00
11:47:39 PM       3      0.00      0.00      0.00      0.00      0.00    100.00
11:47:39 PM       4      0.00      0.00      0.00      0.00      0.00    100.00
11:47:39 PM       5      0.00      0.00      0.00      0.00      0.00    100.00
11:47:39 PM       6      0.00      0.00      0.00      0.00      0.00    100.00
11:47:39 PM       7      0.00      0.00      0.00      0.00      0.00    100.00
11:47:39 PM       8      0.00      0.00      0.00      0.00      0.00    100.00
11:47:39 PM       9      0.00      0.00      0.00      0.00      0.00    100.00
11:47:39 PM      10      0.00      0.00      0.00      0.00      0.00    100.00
11:47:39 PM      11      0.00      0.00      0.00      9.00      0.00     91.00
11:47:39 PM      12      0.00      0.00      0.00      0.00      0.00    100.00
11:47:39 PM      13      0.00      0.00      0.00      0.00      0.00    100.00
11:47:39 PM      14      0.00      0.00      0.00      0.00      0.00    100.00
11:47:39 PM      15      0.00      0.00      0.00      0.00      0.00    100.00
11:47:39 PM      16      0.00      0.00      0.00      0.00      0.00    100.00
11:47:39 PM      17      0.00      0.00      0.00      0.00      0.00    100.00
11:47:39 PM      18      0.00      0.00      0.00      0.00      0.00    100.00
11:47:39 PM      19      0.00      0.00      0.00      0.00      0.00    100.00
11:47:39 PM      20      0.00      0.00      0.00      0.00      0.00    100.00
11:47:39 PM      21      0.00      0.00      0.00      0.00      0.00    100.00
11:47:39 PM      22      0.00      0.00      0.00      0.00      0.00    100.00
11:47:39 PM      23      0.00      0.00      0.00      0.00      0.00    100.00
11:47:39 PM      24      0.00      0.00      0.00      0.00      0.00    100.00
11:47:39 PM      25      0.00      0.00      0.00      0.00      0.00    100.00
11:47:39 PM      26      0.00      0.00      0.00      0.00      0.00    100.00
11:47:39 PM      27      0.00      0.00      0.00      0.00      0.00    100.00
11:47:39 PM      28      0.00      0.00      0.00      0.00      0.00    100.00
11:47:39 PM      29      0.00      0.00      0.00      0.00      0.00    100.00
11:47:39 PM      30      0.00      0.00      0.00      0.00      0.00    100.00
11:47:39 PM      31      0.00      0.00      0.00      0.00      0.00    100.00
11:47:39 PM      32      0.00      0.00      0.00      0.00      0.00    100.00
11:47:39 PM      33      0.00      0.00      0.00      0.00      0.00    100.00
11:47:39 PM      34      0.00      0.00      0.00      0.00      0.00    100.00
11:47:39 PM      35      0.00      0.00      0.00      0.00      0.00    100.00
11:47:39 PM      36      0.00      0.00      0.00      0.00      0.00    100.00
11:47:39 PM      37      0.00      0.00      0.00      0.00      0.00    100.00
11:47:39 PM      38      0.00      0.00      0.00      0.00      0.00    100.00
11:47:39 PM      39      0.00      0.00      1.00      0.00      0.00     99.00
11:47:39 PM      40      0.00      0.00      0.00      0.00      0.00    100.00
11:47:39 PM      41      0.00      0.00      0.00      0.00      0.00    100.00
11:47:39 PM      42      0.00      0.00      0.00      0.00      0.00    100.00
11:47:39 PM      43      0.00      0.00      0.00      0.00      0.00    100.00
11:47:39 PM      44      0.00      0.00      0.00      0.00      0.00    100.00
11:47:39 PM      45      0.00      0.00      0.00      0.00      0.00    100.00
11:47:39 PM      46      0.00      0.00      0.00      0.00      0.00    100.00
11:47:39 PM      47      0.00      0.00      0.00      0.00      0.00    100.00

11:47:39 PM     CPU     %user     %nice   %system   %iowait    %steal     %idle
11:47:40 PM     all      1.90      0.00      0.23      0.00      0.00     97.88
11:47:40 PM       0     90.91      0.00      9.09      0.00      0.00      0.00
11:47:40 PM       1      0.00      0.00      0.00      0.00      0.00    100.00
11:47:40 PM       2      0.00      0.00      0.00      0.00      0.00    100.00
11:47:40 PM       3      0.00      0.00      0.00      0.00      0.00    100.00
11:47:40 PM       4      0.00      0.00      0.00      0.00      0.00    100.00
11:47:40 PM       5      0.00      0.00      0.00      0.00      0.00    100.00
11:47:40 PM       6      0.00      0.00      0.00      0.00      0.00    100.00
11:47:40 PM       7      0.00      0.00      0.00      0.00      0.00    100.00
11:47:40 PM       8      0.00      0.00      0.00      0.00      0.00    100.00
11:47:40 PM       9      0.00      0.00      0.00      0.00      0.00    100.00
11:47:40 PM      10      0.00      0.00      0.00      0.00      0.00    100.00
11:47:40 PM      11      0.00      0.00      0.00      0.00      0.00    100.00
11:47:40 PM      12      0.00      0.00      0.00      0.00      0.00    100.00
11:47:40 PM      13      0.00      0.00      0.00      0.00      0.00    100.00
11:47:40 PM      14      0.00      0.00      0.00      0.00      0.00    100.00
11:47:40 PM      15      0.00      0.00      0.00      0.00      0.00    100.00
11:47:40 PM      16      0.00      0.00      0.00      0.00      0.00    100.00
11:47:40 PM      17      0.00      0.00      0.00      0.00      0.00    100.00
11:47:40 PM      18      0.00      0.00      0.00      0.00      0.00    100.00
11:47:40 PM      19      0.00      0.00      0.00      0.00      0.00    100.00
11:47:40 PM      20      0.00      0.00      0.00      0.00      0.00    100.00
11:47:40 PM      21      0.00      0.00      0.00      0.00      0.00    100.00
11:47:40 PM      22      0.00      0.00      0.00      0.00      0.00    100.00
11:47:40 PM      23      0.00      0.00      0.00      0.00      0.00    100.00
11:47:40 PM      24      0.00      0.00      0.00      0.00      0.00    100.00
11:47:40 PM      25      0.00      0.00      0.00      0.00      0.00    100.00
11:47:40 PM      26      0.00      0.00      0.00      0.00      0.00    100.00
11:47:40 PM      27      0.00      0.00      0.00      0.00      0.00    100.00
11:47:40 PM      28      0.00      0.00      0.00      0.00      0.00    100.00
11:47:40 PM      29      0.00      0.00      0.00      0.00      0.00    100.00
11:47:40 PM      30      0.00      0.00      0.00      0.00      0.00    100.00
11:47:40 PM      31      0.00      0.00      0.00      0.00      0.00    100.00
11:47:40 PM      32      0.00      0.00      0.00      0.00      0.00    100.00
11:47:40 PM      33      0.00      0.00      0.00      0.00      0.00    100.00
11:47:40 PM      34      0.00      0.00      0.00      0.00      0.00    100.00
11:47:40 PM      35      0.00      0.00      0.00      0.00      0.00    100.00
11:47:40 PM      36      0.00      0.00      0.00      0.00      0.00    100.00
11:47:40 PM      37      0.00      0.00      0.00      0.00      0.00    100.00
11:47:40 PM      38      0.00      0.00      0.00      0.00      0.00    100.00
11:47:40 PM      39      0.00      0.00      0.99      0.00      0.00     99.01
11:47:40 PM      40      0.00      0.00      0.00      0.00      0.00    100.00
11:47:40 PM      41      0.00      0.00      0.00      0.00      0.00    100.00
11:47:40 PM      42      0.00      0.00      0.00      0.00      0.00    100.00
11:47:40 PM      43      0.00      0.00      0.00      0.00      0.00    100.00
11:47:40 PM      44      0.00      0.00      0.00      0.00      0.00    100.00
11:47:40 PM      45      0.00      0.00      0.00      0.00      0.00    100.00
11:47:40 PM      46      0.00      0.00      0.00      0.00      0.00    100.00
11:47:40 PM      47      0.00      0.00      0.00      0.00      0.00    100.00

11:47:40 PM     CPU     %user     %nice   %system   %iowait    %steal     %idle
11:47:41 PM     all      1.98      0.00      0.13      0.00      0.00     97.89
11:47:41 PM       0     95.00      0.00      5.00      0.00      0.00      0.00
11:47:41 PM       1      0.00      0.00      0.00      0.00      0.00    100.00
11:47:41 PM       2      0.00      0.00      0.00      0.00      0.00    100.00
11:47:41 PM       3      0.00      0.00      0.00      0.00      0.00    100.00
11:47:41 PM       4      0.00      0.00      0.00      0.00      0.00    100.00
11:47:41 PM       5      0.00      0.00      0.00      0.00      0.00    100.00
11:47:41 PM       6      0.00      0.00      0.00      0.00      0.00    100.00
11:47:41 PM       7      0.00      0.00      0.00      0.00      0.00    100.00
11:47:41 PM       8      0.00      0.00      0.00      0.00      0.00    100.00
11:47:41 PM       9      0.00      0.00      0.00      0.00      0.00    100.00
11:47:41 PM      10      0.00      0.00      0.00      0.00      0.00    100.00
11:47:41 PM      11      0.00      0.00      0.00      0.00      0.00    100.00
11:47:41 PM      12      0.00      0.00      0.00      0.00      0.00    100.00
11:47:41 PM      13      0.00      0.00      0.00      0.00      0.00    100.00
11:47:41 PM      14      0.00      0.00      1.00      0.00      0.00     99.00
11:47:41 PM      15      0.00      0.00      0.00      0.00      0.00    100.00
11:47:41 PM      16      0.00      0.00      0.00      0.00      0.00    100.00
11:47:41 PM      17      0.00      0.00      0.00      0.00      0.00    100.00
11:47:41 PM      18      0.00      0.00      0.00      0.00      0.00    100.00
11:47:41 PM      19      0.00      0.00      0.00      0.00      0.00    100.00
11:47:41 PM      20      0.00      0.00      0.00      0.00      0.00    100.00
11:47:41 PM      21      0.00      0.00      0.00      0.00      0.00    100.00
11:47:41 PM      22      0.00      0.00      0.00      0.00      0.00    100.00
11:47:41 PM      23      0.00      0.00      0.00      0.00      0.00    100.00
11:47:41 PM      24      0.00      0.00      0.00      0.00      0.00    100.00
11:47:41 PM      25      0.00      0.00      0.00      0.00      0.00    100.00
11:47:41 PM      26      0.00      0.00      0.00      0.00      0.00    100.00
11:47:41 PM      27      0.00      0.00      0.00      0.00      0.00    100.00
11:47:41 PM      28      0.00      0.00      0.00      0.00      0.00    100.00
11:47:41 PM      29      0.00      0.00      0.00      0.00      0.00    100.00
11:47:41 PM      30      0.00      0.00      0.00      0.00      0.00    100.00
11:47:41 PM      31      0.00      0.00      0.00      0.00      0.00    100.00
11:47:41 PM      32      0.00      0.00      0.00      0.00      0.00    100.00
11:47:41 PM      33      0.00      0.00      0.00      0.00      0.00    100.00
11:47:41 PM      34      0.00      0.00      0.00      0.00      0.00    100.00
11:47:41 PM      35      0.00      0.00      0.00      0.00      0.00    100.00
11:47:41 PM      36      0.00      0.00      0.00      0.00      0.00    100.00
11:47:41 PM      37      0.00      0.00      0.00      0.00      0.00    100.00
11:47:41 PM      38      0.00      0.00      0.00      0.00      0.00    100.00
11:47:41 PM      39      0.00      0.00      1.00      0.00      0.00     99.00
11:47:41 PM      40      0.00      0.00      0.00      0.00      0.00    100.00
11:47:41 PM      41      0.00      0.00      0.00      0.00      0.00    100.00
11:47:41 PM      42      0.00      0.00      0.00      0.00      0.00    100.00
11:47:41 PM      43      0.00      0.00      0.00      0.00      0.00    100.00
11:47:41 PM      44      0.00      0.00      0.00      0.00      0.00    100.00
11:47:41 PM      45      0.00      0.00      0.00      0.00      0.00    100.00
11:47:41 PM      46      0.00      0.00      0.00      0.00      0.00    100.00
11:47:41 PM      47      0.00      0.00      0.00      0.00      0.00    100.00

11:47:41 PM     CPU     %user     %nice   %system   %iowait    %steal     %idle
11:47:42 PM     all      2.08      0.00      0.02      0.00      0.00     97.90
11:47:42 PM       0    100.00      0.00      0.00      0.00      0.00      0.00
11:47:42 PM       1      0.00      0.00      0.00      0.00      0.00    100.00
11:47:42 PM       2      0.00      0.00      0.00      0.00      0.00    100.00
11:47:42 PM       3      0.00      0.00      0.00      0.00      0.00    100.00
11:47:42 PM       4      0.00      0.00      0.00      0.00      0.00    100.00
11:47:42 PM       5      0.00      0.00      0.00      0.00      0.00    100.00
11:47:42 PM       6      0.00      0.00      0.00      0.00      0.00    100.00
11:47:42 PM       7      0.00      0.00      0.00      0.00      0.00    100.00
11:47:42 PM       8      0.00      0.00      0.00      0.00      0.00    100.00
11:47:42 PM       9      0.00      0.00      0.00      0.00      0.00    100.00
11:47:42 PM      10      0.00      0.00      0.00      0.00      0.00    100.00
11:47:42 PM      11      0.00      0.00      0.00      0.00      0.00    100.00
11:47:42 PM      12      0.00      0.00      0.00      0.00      0.00    100.00
11:47:42 PM      13      0.00      0.00      0.00      0.00      0.00    100.00
11:47:42 PM      14      0.00      0.00      0.00      0.00      0.00    100.00
11:47:42 PM      15      0.00      0.00      0.00      0.00      0.00    100.00
11:47:42 PM      16      0.00      0.00      0.00      0.00      0.00    100.00
11:47:42 PM      17      0.00      0.00      0.00      0.00      0.00    100.00
11:47:42 PM      18      0.00      0.00      0.00      0.00      0.00    100.00
11:47:42 PM      19      0.00      0.00      0.00      0.00      0.00    100.00
11:47:42 PM      20      0.00      0.00      0.00      0.00      0.00    100.00
11:47:42 PM      21      0.00      0.00      0.00      0.00      0.00    100.00
11:47:42 PM      22      0.00      0.00      0.00      0.00      0.00    100.00
11:47:42 PM      23      0.00      0.00      0.00      0.00      0.00    100.00
11:47:42 PM      24      0.00      0.00      0.00      0.00      0.00    100.00
11:47:42 PM      25      0.00      0.00      0.00      0.00      0.00    100.00
11:47:42 PM      26      0.00      0.00      0.00      0.00      0.00    100.00
11:47:42 PM      27      0.00      0.00      0.00      0.00      0.00    100.00
11:47:42 PM      28      0.00      0.00      0.00      0.00      0.00    100.00
11:47:42 PM      29      0.00      0.00      0.00      0.00      0.00    100.00
11:47:42 PM      30      0.00      0.00      0.00      0.00      0.00    100.00
11:47:42 PM      31      0.00      0.00      0.00      0.00      0.00    100.00
11:47:42 PM      32      0.00      0.00      0.00      0.00      0.00    100.00
11:47:42 PM      33      0.00      0.00      0.00      0.00      0.00    100.00
11:47:42 PM      34      0.00      0.00      0.00      0.00      0.00    100.00
11:47:42 PM      35      0.00      0.00      0.00      0.00      0.00    100.00
11:47:42 PM      36      0.00      0.00      0.00      0.00      0.00    100.00
11:47:42 PM      37      0.00      0.00      0.00      0.00      0.00    100.00
11:47:42 PM      38      0.00      0.00      0.00      0.00      0.00    100.00
11:47:42 PM      39      0.00      0.00      0.00      0.00      0.00    100.00
11:47:42 PM      40      0.00      0.00      0.00      0.00      0.00    100.00
11:47:42 PM      41      0.00      0.00      0.00      0.00      0.00    100.00
11:47:42 PM      42      0.00      0.00      0.00      0.00      0.00    100.00
11:47:42 PM      43      0.00      0.00      0.00      0.00      0.00    100.00
11:47:42 PM      44      0.00      0.00      0.00      0.00      0.00    100.00
11:47:42 PM      45      0.00      0.00      0.00      0.00      0.00    100.00
11:47:42 PM      46      0.00      0.00      0.00      0.00      0.00    100.00
11:47:42 PM      47      0.00      0.00      0.00      0.00      0.00    100.00

11:47:42 PM     CPU     %user     %nice   %system   %iowait    %steal     %idle
11:47:43 PM     all      2.08      0.00      0.02      0.00      0.00     97.90
11:47:43 PM       0    100.00      0.00      0.00      0.00      0.00      0.00
11:47:43 PM       1      0.00      0.00      0.00      0.00      0.00    100.00
11:47:43 PM       2      0.00      0.00      0.00      0.00      0.00    100.00
11:47:43 PM       3      0.00      0.00      0.00      0.00      0.00    100.00
11:47:43 PM       4      0.00      0.00      0.00      0.00      0.00    100.00
11:47:43 PM       5      0.00      0.00      0.00      0.00      0.00    100.00
11:47:43 PM       6      0.00      0.00      0.00      0.00      0.00    100.00
11:47:43 PM       7      0.00      0.00      0.00      0.00      0.00    100.00
11:47:43 PM       8      0.00      0.00      0.00      0.00      0.00    100.00
11:47:43 PM       9      0.00      0.00      0.00      0.00      0.00    100.00
11:47:43 PM      10      0.00      0.00      0.00      0.00      0.00    100.00
11:47:43 PM      11      0.00      0.00      0.00      0.00      0.00    100.00
11:47:43 PM      12      0.00      0.00      0.00      0.00      0.00    100.00
11:47:43 PM      13      0.00      0.00      0.00      0.00      0.00    100.00
11:47:43 PM      14      0.00      0.00      0.00      0.00      0.00    100.00
11:47:43 PM      15      0.00      0.00      0.00      0.00      0.00    100.00
11:47:43 PM      16      0.00      0.00      0.00      0.00      0.00    100.00
11:47:43 PM      17      0.00      0.00      0.00      0.00      0.00    100.00
11:47:43 PM      18      0.00      0.00      0.00      0.00      0.00    100.00
11:47:43 PM      19      0.00      0.00      0.00      0.00      0.00    100.00
11:47:43 PM      20      0.00      0.00      0.00      0.00      0.00    100.00
11:47:43 PM      21      0.00      0.00      0.00      0.00      0.00    100.00
11:47:43 PM      22      0.00      0.00      0.00      0.00      0.00    100.00
11:47:43 PM      23      0.00      0.00      0.00      0.00      0.00    100.00
11:47:43 PM      24      0.00      0.00      0.00      0.00      0.00    100.00
11:47:43 PM      25      0.00      0.00      0.00      0.00      0.00    100.00
11:47:43 PM      26      0.00      0.00      0.00      0.00      0.00    100.00
11:47:43 PM      27      0.00      0.00      0.00      0.00      0.00    100.00
11:47:43 PM      28      0.00      0.00      0.00      0.00      0.00    100.00
11:47:43 PM      29      0.00      0.00      0.00      0.00      0.00    100.00
11:47:43 PM      30      0.00      0.00      0.00      0.00      0.00    100.00
11:47:43 PM      31      0.00      0.00      0.00      0.00      0.00    100.00
11:47:43 PM      32      0.00      0.00      0.00      0.00      0.00    100.00
11:47:43 PM      33      0.00      0.00      0.00      0.00      0.00    100.00
11:47:43 PM      34      0.00      0.00      0.00      0.00      0.00    100.00
11:47:43 PM      35      0.00      0.00      0.00      0.00      0.00    100.00
11:47:43 PM      36      0.00      0.00      0.00      0.00      0.00    100.00
11:47:43 PM      37      0.00      0.00      0.00      0.00      0.00    100.00
11:47:43 PM      38      0.00      0.00      0.00      0.00      0.00    100.00
11:47:43 PM      39      0.00      0.00      1.00      0.00      0.00     99.00
11:47:43 PM      40      0.00      0.00      0.00      0.00      0.00    100.00
11:47:43 PM      41      0.00      0.00      0.00      0.00      0.00    100.00
11:47:43 PM      42      0.00      0.00      0.00      0.00      0.00    100.00
11:47:43 PM      43      0.00      0.00      0.00      0.00      0.00    100.00
11:47:43 PM      44      0.00      0.00      0.00      0.00      0.00    100.00
11:47:43 PM      45      0.00      0.00      0.00      0.00      0.00    100.00
11:47:43 PM      46      0.00      0.00      0.00      0.00      0.00    100.00
11:47:43 PM      47      0.00      0.00      0.00      0.00      0.00    100.00

Average:        CPU     %user     %nice   %system   %iowait    %steal     %idle
Average:        all      1.93      0.00      0.18      0.02      0.00     97.88
Average:          0     92.53      0.00      7.47      0.00      0.00      0.00
Average:          1      0.00      0.00      0.00      0.00      0.00    100.00
Average:          2      0.00      0.00      0.00      0.00      0.00    100.00
Average:          3      0.07      0.00      0.00      0.00      0.00     99.93
Average:          4      0.00      0.00      0.00      0.00      0.00    100.00
Average:          5      0.00      0.00      0.00      0.00      0.00    100.00
Average:          6      0.00      0.00      0.00      0.00      0.00    100.00
Average:          7      0.00      0.00      0.00      0.00      0.00    100.00
Average:          8      0.00      0.00      0.00      0.00      0.00    100.00
Average:          9      0.00      0.00      0.00      0.00      0.00    100.00
Average:         10      0.00      0.00      0.00      0.00      0.00    100.00
Average:         11      0.00      0.00      0.00      0.60      0.00     99.40
Average:         12      0.00      0.00      0.00      0.00      0.00    100.00
Average:         13      0.00      0.00      0.00      0.00      0.00    100.00
Average:         14      0.00      0.00      0.07      0.00      0.00     99.93
Average:         15      0.00      0.00      0.00      0.00      0.00    100.00
Average:         16      0.00      0.00      0.00      0.00      0.00    100.00
Average:         17      0.00      0.00      0.00      0.00      0.00    100.00
Average:         18      0.00      0.00      0.00      0.00      0.00    100.00
Average:         19      0.00      0.00      0.00      0.00      0.00    100.00
Average:         20      0.00      0.00      0.00      0.00      0.00    100.00
Average:         21      0.00      0.00      0.00      0.00      0.00    100.00
Average:         22      0.00      0.00      0.07      0.00      0.00     99.93
Average:         23      0.00      0.00      0.00      0.00      0.00    100.00
Average:         24      0.07      0.00      0.00      0.00      0.00     99.93
Average:         25      0.00      0.00      0.00      0.00      0.00    100.00
Average:         26      0.00      0.00      0.00      0.00      0.00    100.00
Average:         27      0.00      0.00      0.00      0.00      0.00    100.00
Average:         28      0.00      0.00      0.00      0.00      0.00    100.00
Average:         29      0.00      0.00      0.00      0.00      0.00    100.00
Average:         30      0.00      0.00      0.00      0.00      0.00    100.00
Average:         31      0.00      0.00      0.00      0.00      0.00    100.00
Average:         32      0.00      0.00      0.00      0.00      0.00    100.00
Average:         33      0.00      0.00      0.00      0.00      0.00    100.00
Average:         34      0.00      0.00      0.00      0.20      0.00     99.80
Average:         35      0.00      0.00      0.00      0.00      0.00    100.00
Average:         36      0.00      0.00      0.00      0.00      0.00    100.00
Average:         37      0.00      0.00      0.07      0.00      0.00     99.93
Average:         38      0.00      0.00      0.00      0.00      0.00    100.00
Average:         39      0.00      0.00      0.67      0.00      0.00     99.33
Average:         40      0.00      0.00      0.00      0.00      0.00    100.00
Average:         41      0.00      0.00      0.00      0.00      0.00    100.00
Average:         42      0.00      0.00      0.00      0.00      0.00    100.00
Average:         43      0.00      0.00      0.00      0.00      0.00    100.00
Average:         44      0.00      0.00      0.00      0.00      0.00    100.00
Average:         45      0.00      0.00      0.00      0.00      0.00    100.00
Average:         46      0.00      0.00      0.00      0.00      0.00    100.00
Average:         47      0.00      0.00      0.00      0.00      0.00    100.00
