Linux 3.10.0-514.el7.x86_64 (localhost.localdomain) 	02/26/2020 	_x86_64_	(48 CPU)

11:28:44 PM     CPU     %user     %nice   %system   %iowait    %steal     %idle
11:28:45 PM     all      2.08      0.00      0.02      0.00      0.00     97.90
11:28:45 PM       0    100.00      0.00      0.00      0.00      0.00      0.00
11:28:45 PM       1      0.00      0.00      0.00      0.00      0.00    100.00
11:28:45 PM       2      0.00      0.00      0.00      0.00      0.00    100.00
11:28:45 PM       3      0.00      0.00      0.00      0.00      0.00    100.00
11:28:45 PM       4      0.00      0.00      0.00      0.00      0.00    100.00
11:28:45 PM       5      0.00      0.00      0.00      0.00      0.00    100.00
11:28:45 PM       6      0.00      0.00      0.00      0.00      0.00    100.00
11:28:45 PM       7      0.00      0.00      0.00      0.00      0.00    100.00
11:28:45 PM       8      0.00      0.00      0.00      0.00      0.00    100.00
11:28:45 PM       9      0.00      0.00      0.00      0.00      0.00    100.00
11:28:45 PM      10      0.00      0.00      0.00      0.00      0.00    100.00
11:28:45 PM      11      0.00      0.00      0.00      0.00      0.00    100.00
11:28:45 PM      12      0.00      0.00      0.00      0.00      0.00    100.00
11:28:45 PM      13      0.00      0.00      0.00      0.00      0.00    100.00
11:28:45 PM      14      0.00      0.00      0.00      0.00      0.00    100.00
11:28:45 PM      15      0.00      0.00      0.00      0.00      0.00    100.00
11:28:45 PM      16      0.00      0.00      0.00      0.00      0.00    100.00
11:28:45 PM      17      0.00      0.00      0.00      0.00      0.00    100.00
11:28:45 PM      18      0.00      0.00      0.00      0.00      0.00    100.00
11:28:45 PM      19      0.00      0.00      0.00      0.00      0.00    100.00
11:28:45 PM      20      0.00      0.00      0.00      0.00      0.00    100.00
11:28:45 PM      21      0.00      0.00      0.00      0.00      0.00    100.00
11:28:45 PM      22      0.00      0.00      0.00      0.00      0.00    100.00
11:28:45 PM      23      0.00      0.00      0.00      0.00      0.00    100.00
11:28:45 PM      24      0.00      0.00      0.00      0.00      0.00    100.00
11:28:45 PM      25      0.00      0.00      0.00      0.00      0.00    100.00
11:28:45 PM      26      0.00      0.00      0.00      0.00      0.00    100.00
11:28:45 PM      27      0.00      0.00      0.00      0.00      0.00    100.00
11:28:45 PM      28      0.00      0.00      0.00      0.00      0.00    100.00
11:28:45 PM      29      0.00      0.00      0.00      0.00      0.00    100.00
11:28:45 PM      30      0.00      0.00      0.00      0.00      0.00    100.00
11:28:45 PM      31      0.00      0.00      0.00      0.00      0.00    100.00
11:28:45 PM      32      0.00      0.00      0.00      0.00      0.00    100.00
11:28:45 PM      33      0.00      0.00      0.00      0.00      0.00    100.00
11:28:45 PM      34      0.00      0.00      0.00      0.00      0.00    100.00
11:28:45 PM      35      0.00      0.00      0.00      0.00      0.00    100.00
11:28:45 PM      36      0.00      0.00      0.00      0.00      0.00    100.00
11:28:45 PM      37      0.00      0.00      0.00      0.00      0.00    100.00
11:28:45 PM      38      0.00      0.00      0.00      0.00      0.00    100.00
11:28:45 PM      39      0.00      0.00      0.99      0.00      0.00     99.01
11:28:45 PM      40      0.00      0.00      0.00      0.00      0.00    100.00
11:28:45 PM      41      0.00      0.00      0.00      0.00      0.00    100.00
11:28:45 PM      42      0.00      0.00      0.00      0.00      0.00    100.00
11:28:45 PM      43      0.00      0.00      0.00      0.00      0.00    100.00
11:28:45 PM      44      0.00      0.00      0.00      0.00      0.00    100.00
11:28:45 PM      45      0.00      0.00      0.00      0.00      0.00    100.00
11:28:45 PM      46      0.00      0.00      0.00      0.00      0.00    100.00
11:28:45 PM      47      0.00      0.00      0.00      0.00      0.00    100.00

11:28:45 PM     CPU     %user     %nice   %system   %iowait    %steal     %idle
11:28:46 PM     all      1.98      0.00      0.13      0.00      0.00     97.90
11:28:46 PM       0     94.06      0.00      5.94      0.00      0.00      0.00
11:28:46 PM       1      0.00      0.00      0.00      0.00      0.00    100.00
11:28:46 PM       2      0.00      0.00      0.00      0.00      0.00    100.00
11:28:46 PM       3      0.00      0.00      0.00      0.00      0.00    100.00
11:28:46 PM       4      0.00      0.00      0.00      0.00      0.00    100.00
11:28:46 PM       5      0.00      0.00      0.00      0.00      0.00    100.00
11:28:46 PM       6      0.00      0.00      0.00      0.00      0.00    100.00
11:28:46 PM       7      0.00      0.00      0.00      0.00      0.00    100.00
11:28:46 PM       8      0.00      0.00      0.00      0.00      0.00    100.00
11:28:46 PM       9      0.00      0.00      0.00      0.00      0.00    100.00
11:28:46 PM      10      0.00      0.00      0.00      0.00      0.00    100.00
11:28:46 PM      11      0.00      0.00      0.00      0.00      0.00    100.00
11:28:46 PM      12      0.00      0.00      0.00      0.00      0.00    100.00
11:28:46 PM      13      0.00      0.00      0.00      0.00      0.00    100.00
11:28:46 PM      14      0.00      0.00      0.00      0.00      0.00    100.00
11:28:46 PM      15      0.00      0.00      0.00      0.00      0.00    100.00
11:28:46 PM      16      0.00      0.00      0.00      0.00      0.00    100.00
11:28:46 PM      17      0.00      0.00      0.00      0.00      0.00    100.00
11:28:46 PM      18      0.00      0.00      0.00      0.00      0.00    100.00
11:28:46 PM      19      0.00      0.00      0.00      0.00      0.00    100.00
11:28:46 PM      20      0.00      0.00      0.00      0.00      0.00    100.00
11:28:46 PM      21      0.00      0.00      0.00      0.00      0.00    100.00
11:28:46 PM      22      0.00      0.00      0.00      0.00      0.00    100.00
11:28:46 PM      23      0.00      0.00      0.00      0.00      0.00    100.00
11:28:46 PM      24      0.00      0.00      0.00      0.00      0.00    100.00
11:28:46 PM      25      0.00      0.00      0.00      0.00      0.00    100.00
11:28:46 PM      26      0.00      0.00      0.00      0.00      0.00    100.00
11:28:46 PM      27      0.00      0.00      0.00      0.00      0.00    100.00
11:28:46 PM      28      0.00      0.00      0.00      0.00      0.00    100.00
11:28:46 PM      29      0.00      0.00      0.00      0.00      0.00    100.00
11:28:46 PM      30      0.00      0.00      0.00      0.00      0.00    100.00
11:28:46 PM      31      0.00      0.00      0.00      0.00      0.00    100.00
11:28:46 PM      32      0.00      0.00      0.00      0.00      0.00    100.00
11:28:46 PM      33      0.00      0.00      0.00      0.00      0.00    100.00
11:28:46 PM      34      0.00      0.00      0.00      0.00      0.00    100.00
11:28:46 PM      35      0.00      0.00      0.00      0.00      0.00    100.00
11:28:46 PM      36      0.00      0.00      0.00      0.00      0.00    100.00
11:28:46 PM      37      0.00      0.00      0.00      0.00      0.00    100.00
11:28:46 PM      38      0.00      0.00      0.00      0.00      0.00    100.00
11:28:46 PM      39      0.00      0.00      0.00      0.00      0.00    100.00
11:28:46 PM      40      0.00      0.00      0.00      0.00      0.00    100.00
11:28:46 PM      41      0.00      0.00      0.00      0.00      0.00    100.00
11:28:46 PM      42      0.00      0.00      0.00      0.00      0.00    100.00
11:28:46 PM      43      0.00      0.00      0.00      0.00      0.00    100.00
11:28:46 PM      44      0.00      0.00      0.00      0.00      0.00    100.00
11:28:46 PM      45      0.00      0.00      0.00      0.00      0.00    100.00
11:28:46 PM      46      0.00      0.00      0.00      0.00      0.00    100.00
11:28:46 PM      47      0.00      0.00      0.00      0.00      0.00    100.00

11:28:46 PM     CPU     %user     %nice   %system   %iowait    %steal     %idle
11:28:47 PM     all      1.88      0.00      0.21      0.00      0.00     97.92
11:28:47 PM       0     91.00      0.00      9.00      0.00      0.00      0.00
11:28:47 PM       1      0.00      0.00      0.00      0.00      0.00    100.00
11:28:47 PM       2      0.00      0.00      0.00      0.00      0.00    100.00
11:28:47 PM       3      0.00      0.00      0.00      0.00      0.00    100.00
11:28:47 PM       4      0.00      0.00      0.00      0.00      0.00    100.00
11:28:47 PM       5      0.00      0.00      0.00      0.00      0.00    100.00
11:28:47 PM       6      0.00      0.00      0.00      0.00      0.00    100.00
11:28:47 PM       7      0.00      0.00      0.00      0.00      0.00    100.00
11:28:47 PM       8      0.00      0.00      0.00      0.00      0.00    100.00
11:28:47 PM       9      0.00      0.00      0.00      0.00      0.00    100.00
11:28:47 PM      10      0.00      0.00      0.00      0.00      0.00    100.00
11:28:47 PM      11      0.00      0.00      0.00      0.00      0.00    100.00
11:28:47 PM      12      0.00      0.00      0.00      0.00      0.00    100.00
11:28:47 PM      13      0.00      0.00      0.00      0.00      0.00    100.00
11:28:47 PM      14      0.00      0.00      0.00      0.00      0.00    100.00
11:28:47 PM      15      0.00      0.00      0.00      0.00      0.00    100.00
11:28:47 PM      16      0.00      0.00      0.00      0.00      0.00    100.00
11:28:47 PM      17      0.00      0.00      0.00      0.00      0.00    100.00
11:28:47 PM      18      0.00      0.00      0.00      0.00      0.00    100.00
11:28:47 PM      19      0.00      0.00      0.00      0.00      0.00    100.00
11:28:47 PM      20      0.00      0.00      0.00      0.00      0.00    100.00
11:28:47 PM      21      0.00      0.00      0.00      0.00      0.00    100.00
11:28:47 PM      22      0.00      0.00      0.00      0.00      0.00    100.00
11:28:47 PM      23      0.00      0.00      0.00      0.00      0.00    100.00
11:28:47 PM      24      0.00      0.00      0.00      0.00      0.00    100.00
11:28:47 PM      25      0.00      0.00      0.00      0.00      0.00    100.00
11:28:47 PM      26      0.00      0.00      0.00      0.00      0.00    100.00
11:28:47 PM      27      0.00      0.00      0.00      0.00      0.00    100.00
11:28:47 PM      28      0.00      0.00      0.00      0.00      0.00    100.00
11:28:47 PM      29      0.00      0.00      0.00      0.00      0.00    100.00
11:28:47 PM      30      0.00      0.00      0.00      0.00      0.00    100.00
11:28:47 PM      31      0.00      0.00      0.00      0.00      0.00    100.00
11:28:47 PM      32      0.00      0.00      0.00      0.00      0.00    100.00
11:28:47 PM      33      0.00      0.00      0.00      0.00      0.00    100.00
11:28:47 PM      34      0.00      0.00      0.00      0.00      0.00    100.00
11:28:47 PM      35      0.00      0.00      0.00      0.00      0.00    100.00
11:28:47 PM      36      0.00      0.00      0.00      0.00      0.00    100.00
11:28:47 PM      37      0.00      0.00      0.00      0.00      0.00    100.00
11:28:47 PM      38      0.00      0.00      0.00      0.00      0.00    100.00
11:28:47 PM      39      0.00      0.00      1.00      0.00      0.00     99.00
11:28:47 PM      40      0.00      0.00      0.00      0.00      0.00    100.00
11:28:47 PM      41      0.00      0.00      0.00      0.00      0.00    100.00
11:28:47 PM      42      0.00      0.00      0.00      0.00      0.00    100.00
11:28:47 PM      43      0.00      0.00      0.00      0.00      0.00    100.00
11:28:47 PM      44      0.00      0.00      0.00      0.00      0.00    100.00
11:28:47 PM      45      0.00      0.00      0.00      0.00      0.00    100.00
11:28:47 PM      46      0.00      0.00      0.00      0.00      0.00    100.00
11:28:47 PM      47      0.00      0.00      0.00      0.00      0.00    100.00

11:28:47 PM     CPU     %user     %nice   %system   %iowait    %steal     %idle
11:28:48 PM     all      1.92      0.00      0.21      0.00      0.00     97.88
11:28:48 PM       0     91.00      0.00      9.00      0.00      0.00      0.00
11:28:48 PM       1      0.00      0.00      0.00      0.00      0.00    100.00
11:28:48 PM       2      0.00      0.00      0.00      0.00      0.00    100.00
11:28:48 PM       3      0.00      0.00      0.00      0.00      0.00    100.00
11:28:48 PM       4      0.00      0.00      0.00      0.00      0.00    100.00
11:28:48 PM       5      0.00      0.00      0.00      0.00      0.00    100.00
11:28:48 PM       6      0.00      0.00      0.00      0.00      0.00    100.00
11:28:48 PM       7      0.00      0.00      0.00      0.00      0.00    100.00
11:28:48 PM       8      0.00      0.00      0.00      0.00      0.00    100.00
11:28:48 PM       9      0.00      0.00      0.00      0.00      0.00    100.00
11:28:48 PM      10      0.00      0.00      0.00      0.00      0.00    100.00
11:28:48 PM      11      0.00      0.00      0.00      0.00      0.00    100.00
11:28:48 PM      12      0.00      0.00      0.00      0.00      0.00    100.00
11:28:48 PM      13      0.00      0.00      0.00      0.00      0.00    100.00
11:28:48 PM      14      0.00      0.00      0.00      0.00      0.00    100.00
11:28:48 PM      15      0.00      0.00      0.00      0.00      0.00    100.00
11:28:48 PM      16      0.00      0.00      0.00      0.00      0.00    100.00
11:28:48 PM      17      0.00      0.00      0.00      0.00      0.00    100.00
11:28:48 PM      18      0.00      0.00      0.00      0.00      0.00    100.00
11:28:48 PM      19      0.00      0.00      0.00      0.00      0.00    100.00
11:28:48 PM      20      0.00      0.00      0.00      0.00      0.00    100.00
11:28:48 PM      21      0.00      0.00      0.00      0.00      0.00    100.00
11:28:48 PM      22      0.00      0.00      0.00      0.00      0.00    100.00
11:28:48 PM      23      0.00      0.00      0.00      0.00      0.00    100.00
11:28:48 PM      24      0.00      0.00      0.00      0.00      0.00    100.00
11:28:48 PM      25      0.00      0.00      0.00      0.00      0.00    100.00
11:28:48 PM      26      0.00      0.00      0.00      0.00      0.00    100.00
11:28:48 PM      27      0.00      0.00      0.00      0.00      0.00    100.00
11:28:48 PM      28      0.00      0.00      0.00      0.00      0.00    100.00
11:28:48 PM      29      0.00      0.00      0.00      0.00      0.00    100.00
11:28:48 PM      30      0.00      0.00      0.00      0.00      0.00    100.00
11:28:48 PM      31      0.00      0.00      0.00      0.00      0.00    100.00
11:28:48 PM      32      0.00      0.00      0.00      0.00      0.00    100.00
11:28:48 PM      33      0.00      0.00      0.00      0.00      0.00    100.00
11:28:48 PM      34      0.00      0.00      0.00      0.00      0.00    100.00
11:28:48 PM      35      0.00      0.00      0.00      0.00      0.00    100.00
11:28:48 PM      36      0.00      0.00      0.00      0.00      0.00    100.00
11:28:48 PM      37      0.00      0.00      0.00      0.00      0.00    100.00
11:28:48 PM      38      0.00      0.00      0.00      0.00      0.00    100.00
11:28:48 PM      39      0.00      0.00      0.99      0.00      0.00     99.01
11:28:48 PM      40      0.00      0.00      0.00      0.00      0.00    100.00
11:28:48 PM      41      0.00      0.00      0.00      0.00      0.00    100.00
11:28:48 PM      42      0.00      0.00      0.00      0.00      0.00    100.00
11:28:48 PM      43      0.00      0.00      0.00      0.00      0.00    100.00
11:28:48 PM      44      0.00      0.00      0.00      0.00      0.00    100.00
11:28:48 PM      45      0.00      0.00      0.00      0.00      0.00    100.00
11:28:48 PM      46      0.00      0.00      0.00      0.00      0.00    100.00
11:28:48 PM      47      0.00      0.00      0.00      0.00      0.00    100.00

11:28:48 PM     CPU     %user     %nice   %system   %iowait    %steal     %idle
11:28:49 PM     all      1.85      0.00      0.23      0.00      0.00     97.92
11:28:49 PM       0     90.00      0.00     10.00      0.00      0.00      0.00
11:28:49 PM       1      0.00      0.00      0.00      0.00      0.00    100.00
11:28:49 PM       2      0.00      0.00      0.00      0.00      0.00    100.00
11:28:49 PM       3      0.00      0.00      0.00      0.00      0.00    100.00
11:28:49 PM       4      0.00      0.00      0.00      0.00      0.00    100.00
11:28:49 PM       5      0.00      0.00      0.00      0.00      0.00    100.00
11:28:49 PM       6      0.00      0.00      0.00      0.00      0.00    100.00
11:28:49 PM       7      0.00      0.00      0.00      0.00      0.00    100.00
11:28:49 PM       8      0.00      0.00      0.00      0.00      0.00    100.00
11:28:49 PM       9      0.00      0.00      0.00      0.00      0.00    100.00
11:28:49 PM      10      0.00      0.00      0.00      0.00      0.00    100.00
11:28:49 PM      11      0.00      0.00      0.00      0.00      0.00    100.00
11:28:49 PM      12      0.00      0.00      0.00      0.00      0.00    100.00
11:28:49 PM      13      0.00      0.00      0.00      0.00      0.00    100.00
11:28:49 PM      14      0.00      0.00      0.00      0.00      0.00    100.00
11:28:49 PM      15      0.00      0.00      0.00      0.00      0.00    100.00
11:28:49 PM      16      0.00      0.00      0.00      0.00      0.00    100.00
11:28:49 PM      17      0.00      0.00      0.00      0.00      0.00    100.00
11:28:49 PM      18      0.00      0.00      0.00      0.00      0.00    100.00
11:28:49 PM      19      0.00      0.00      0.00      0.00      0.00    100.00
11:28:49 PM      20      0.00      0.00      0.00      0.00      0.00    100.00
11:28:49 PM      21      0.00      0.00      0.00      0.00      0.00    100.00
11:28:49 PM      22      0.00      0.00      0.00      0.00      0.00    100.00
11:28:49 PM      23      0.00      0.00      0.00      0.00      0.00    100.00
11:28:49 PM      24      0.00      0.00      0.00      0.00      0.00    100.00
11:28:49 PM      25      0.00      0.00      0.00      0.00      0.00    100.00
11:28:49 PM      26      0.00      0.00      0.00      0.00      0.00    100.00
11:28:49 PM      27      0.00      0.00      0.00      0.00      0.00    100.00
11:28:49 PM      28      0.00      0.00      0.00      0.00      0.00    100.00
11:28:49 PM      29      0.00      0.00      0.00      0.00      0.00    100.00
11:28:49 PM      30      0.00      0.00      0.00      0.00      0.00    100.00
11:28:49 PM      31      0.00      0.00      0.00      0.00      0.00    100.00
11:28:49 PM      32      0.00      0.00      0.00      0.00      0.00    100.00
11:28:49 PM      33      0.00      0.00      0.00      0.00      0.00    100.00
11:28:49 PM      34      0.00      0.00      0.00      0.00      0.00    100.00
11:28:49 PM      35      0.00      0.00      0.00      0.00      0.00    100.00
11:28:49 PM      36      0.00      0.00      0.00      0.00      0.00    100.00
11:28:49 PM      37      0.00      0.00      0.00      0.00      0.00    100.00
11:28:49 PM      38      0.00      0.00      0.00      0.00      0.00    100.00
11:28:49 PM      39      0.00      0.00      0.00      0.00      0.00    100.00
11:28:49 PM      40      0.00      0.00      0.00      0.00      0.00    100.00
11:28:49 PM      41      0.00      0.00      0.00      0.00      0.00    100.00
11:28:49 PM      42      0.00      0.00      0.00      0.00      0.00    100.00
11:28:49 PM      43      0.00      0.00      0.00      0.00      0.00    100.00
11:28:49 PM      44      0.00      0.00      0.00      0.00      0.00    100.00
11:28:49 PM      45      0.00      0.00      0.00      0.00      0.00    100.00
11:28:49 PM      46      0.00      0.00      0.00      0.00      0.00    100.00
11:28:49 PM      47      0.00      0.00      0.00      0.00      0.00    100.00

11:28:49 PM     CPU     %user     %nice   %system   %iowait    %steal     %idle
11:28:50 PM     all      1.88      0.00      0.23      0.04      0.00     97.85
11:28:50 PM       0     89.90      0.00     10.10      0.00      0.00      0.00
11:28:50 PM       1      0.00      0.00      0.00      0.00      0.00    100.00
11:28:50 PM       2      0.00      0.00      0.00      0.00      0.00    100.00
11:28:50 PM       3      0.00      0.00      0.00      0.00      0.00    100.00
11:28:50 PM       4      0.00      0.00      0.00      0.00      0.00    100.00
11:28:50 PM       5      0.00      0.00      0.00      0.00      0.00    100.00
11:28:50 PM       6      0.00      0.00      0.00      0.00      0.00    100.00
11:28:50 PM       7      0.00      0.00      0.00      0.00      0.00    100.00
11:28:50 PM       8      0.00      0.00      0.00      0.00      0.00    100.00
11:28:50 PM       9      0.00      0.00      0.00      0.00      0.00    100.00
11:28:50 PM      10      0.00      0.00      0.00      0.00      0.00    100.00
11:28:50 PM      11      0.00      0.00      0.00      0.00      0.00    100.00
11:28:50 PM      12      0.00      0.00      0.00      0.00      0.00    100.00
11:28:50 PM      13      0.00      0.00      0.00      0.00      0.00    100.00
11:28:50 PM      14      0.00      0.00      0.00      0.00      0.00    100.00
11:28:50 PM      15      0.00      0.00      0.00      0.00      0.00    100.00
11:28:50 PM      16      0.00      0.00      0.00      0.00      0.00    100.00
11:28:50 PM      17      0.00      0.00      0.00      0.00      0.00    100.00
11:28:50 PM      18      0.00      0.00      0.00      0.00      0.00    100.00
11:28:50 PM      19      0.00      0.00      0.00      0.00      0.00    100.00
11:28:50 PM      20      0.00      0.00      0.00      0.00      0.00    100.00
11:28:50 PM      21      0.00      0.00      0.00      0.00      0.00    100.00
11:28:50 PM      22      0.00      0.00      0.00      0.00      0.00    100.00
11:28:50 PM      23      0.00      0.00      0.00      0.00      0.00    100.00
11:28:50 PM      24      0.00      0.00      0.00      0.00      0.00    100.00
11:28:50 PM      25      0.00      0.00      0.00      0.00      0.00    100.00
11:28:50 PM      26      0.00      0.00      0.00      0.00      0.00    100.00
11:28:50 PM      27      0.00      0.00      0.00      0.00      0.00    100.00
11:28:50 PM      28      0.00      0.00      0.00      0.00      0.00    100.00
11:28:50 PM      29      0.00      0.00      0.00      0.00      0.00    100.00
11:28:50 PM      30      0.00      0.00      0.00      0.00      0.00    100.00
11:28:50 PM      31      0.00      0.00      0.00      0.00      0.00    100.00
11:28:50 PM      32      0.00      0.00      0.00      0.00      0.00    100.00
11:28:50 PM      33      0.00      0.00      0.00      0.00      0.00    100.00
11:28:50 PM      34      0.00      0.00      0.00      2.00      0.00     98.00
11:28:50 PM      35      0.00      0.00      0.00      0.00      0.00    100.00
11:28:50 PM      36      0.00      0.00      0.00      0.00      0.00    100.00
11:28:50 PM      37      0.00      0.00      0.00      0.00      0.00    100.00
11:28:50 PM      38      0.00      0.00      0.00      0.00      0.00    100.00
11:28:50 PM      39      0.00      0.00      1.00      0.00      0.00     99.00
11:28:50 PM      40      0.00      0.00      0.00      0.00      0.00    100.00
11:28:50 PM      41      0.00      0.00      0.00      0.00      0.00    100.00
11:28:50 PM      42      0.00      0.00      0.00      0.00      0.00    100.00
11:28:50 PM      43      0.00      0.00      0.00      0.00      0.00    100.00
11:28:50 PM      44      0.00      0.00      0.00      0.00      0.00    100.00
11:28:50 PM      45      0.00      0.00      0.00      0.00      0.00    100.00
11:28:50 PM      46      0.00      0.00      0.00      0.00      0.00    100.00
11:28:50 PM      47      0.00      0.00      0.00      0.00      0.00    100.00

11:28:50 PM     CPU     %user     %nice   %system   %iowait    %steal     %idle
11:28:51 PM     all      1.90      0.00      0.23      0.00      0.00     97.87
11:28:51 PM       0     90.10      0.00      9.90      0.00      0.00      0.00
11:28:51 PM       1      0.00      0.00      0.00      0.00      0.00    100.00
11:28:51 PM       2      0.00      0.00      0.00      0.00      0.00    100.00
11:28:51 PM       3      0.00      0.00      0.00      0.00      0.00    100.00
11:28:51 PM       4      0.00      0.00      0.00      0.00      0.00    100.00
11:28:51 PM       5      0.00      0.00      0.00      0.00      0.00    100.00
11:28:51 PM       6      0.00      0.00      0.00      0.00      0.00    100.00
11:28:51 PM       7      0.00      0.00      0.00      0.00      0.00    100.00
11:28:51 PM       8      0.00      0.00      0.00      0.00      0.00    100.00
11:28:51 PM       9      0.00      0.00      0.00      0.00      0.00    100.00
11:28:51 PM      10      0.00      0.00      0.00      0.00      0.00    100.00
11:28:51 PM      11      0.00      0.00      0.00      0.00      0.00    100.00
11:28:51 PM      12      0.00      0.00      0.00      0.00      0.00    100.00
11:28:51 PM      13      0.00      0.00      0.00      0.00      0.00    100.00
11:28:51 PM      14      0.00      0.00      0.00      0.00      0.00    100.00
11:28:51 PM      15      0.00      0.00      0.00      0.00      0.00    100.00
11:28:51 PM      16      0.00      0.00      0.00      0.00      0.00    100.00
11:28:51 PM      17      0.00      0.00      0.00      0.00      0.00    100.00
11:28:51 PM      18      0.00      0.00      0.00      0.00      0.00    100.00
11:28:51 PM      19      0.00      0.00      0.00      0.00      0.00    100.00
11:28:51 PM      20      0.00      0.00      0.00      0.00      0.00    100.00
11:28:51 PM      21      0.00      0.00      0.00      0.00      0.00    100.00
11:28:51 PM      22      0.00      0.00      0.00      0.00      0.00    100.00
11:28:51 PM      23      0.00      0.00      0.00      0.00      0.00    100.00
11:28:51 PM      24      0.00      0.00      0.00      0.00      0.00    100.00
11:28:51 PM      25      0.00      0.00      0.00      0.00      0.00    100.00
11:28:51 PM      26      0.00      0.00      0.00      0.00      0.00    100.00
11:28:51 PM      27      0.00      0.00      0.00      0.00      0.00    100.00
11:28:51 PM      28      0.00      0.00      0.00      0.00      0.00    100.00
11:28:51 PM      29      0.00      0.00      0.00      0.00      0.00    100.00
11:28:51 PM      30      0.00      0.00      0.00      0.00      0.00    100.00
11:28:51 PM      31      0.00      0.00      0.00      0.00      0.00    100.00
11:28:51 PM      32      0.00      0.00      0.00      0.00      0.00    100.00
11:28:51 PM      33      0.00      0.00      0.00      0.00      0.00    100.00
11:28:51 PM      34      0.00      0.00      0.00      0.00      0.00    100.00
11:28:51 PM      35      0.00      0.00      0.00      0.00      0.00    100.00
11:28:51 PM      36      0.00      0.00      0.00      0.00      0.00    100.00
11:28:51 PM      37      0.00      0.00      0.00      0.00      0.00    100.00
11:28:51 PM      38      0.00      0.00      0.00      0.00      0.00    100.00
11:28:51 PM      39      0.00      0.00      0.00      0.00      0.00    100.00
11:28:51 PM      40      0.00      0.00      0.00      0.00      0.00    100.00
11:28:51 PM      41      0.00      0.00      0.00      0.00      0.00    100.00
11:28:51 PM      42      0.00      0.00      0.00      0.00      0.00    100.00
11:28:51 PM      43      0.00      0.00      0.00      0.00      0.00    100.00
11:28:51 PM      44      0.00      0.00      0.00      0.00      0.00    100.00
11:28:51 PM      45      0.00      0.00      0.00      0.00      0.00    100.00
11:28:51 PM      46      0.00      0.00      0.00      0.00      0.00    100.00
11:28:51 PM      47      0.00      0.00      0.00      0.00      0.00    100.00

11:28:51 PM     CPU     %user     %nice   %system   %iowait    %steal     %idle
11:28:52 PM     all      1.88      0.00      0.21      0.00      0.00     97.92
11:28:52 PM       0     90.00      0.00     10.00      0.00      0.00      0.00
11:28:52 PM       1      0.00      0.00      0.00      0.00      0.00    100.00
11:28:52 PM       2      0.00      0.00      0.00      0.00      0.00    100.00
11:28:52 PM       3      0.00      0.00      0.00      0.00      0.00    100.00
11:28:52 PM       4      0.00      0.00      0.00      0.00      0.00    100.00
11:28:52 PM       5      0.00      0.00      0.00      0.00      0.00    100.00
11:28:52 PM       6      0.00      0.00      0.00      0.00      0.00    100.00
11:28:52 PM       7      0.00      0.00      0.00      0.00      0.00    100.00
11:28:52 PM       8      0.00      0.00      0.00      0.00      0.00    100.00
11:28:52 PM       9      0.00      0.00      0.00      0.00      0.00    100.00
11:28:52 PM      10      0.00      0.00      0.00      0.00      0.00    100.00
11:28:52 PM      11      0.00      0.00      0.00      0.00      0.00    100.00
11:28:52 PM      12      0.00      0.00      0.00      0.00      0.00    100.00
11:28:52 PM      13      0.00      0.00      0.00      0.00      0.00    100.00
11:28:52 PM      14      0.00      0.00      0.00      0.00      0.00    100.00
11:28:52 PM      15      0.00      0.00      0.00      0.00      0.00    100.00
11:28:52 PM      16      0.00      0.00      0.00      0.00      0.00    100.00
11:28:52 PM      17      0.00      0.00      0.00      0.00      0.00    100.00
11:28:52 PM      18      0.00      0.00      0.00      0.00      0.00    100.00
11:28:52 PM      19      0.00      0.00      0.00      0.00      0.00    100.00
11:28:52 PM      20      0.00      0.00      0.00      0.00      0.00    100.00
11:28:52 PM      21      0.00      0.00      0.00      0.00      0.00    100.00
11:28:52 PM      22      0.00      0.00      0.00      0.00      0.00    100.00
11:28:52 PM      23      0.00      0.00      0.00      0.00      0.00    100.00
11:28:52 PM      24      0.00      0.00      0.00      0.00      0.00    100.00
11:28:52 PM      25      0.00      0.00      0.00      0.00      0.00    100.00
11:28:52 PM      26      0.00      0.00      0.00      0.00      0.00    100.00
11:28:52 PM      27      0.00      0.00      0.00      0.00      0.00    100.00
11:28:52 PM      28      0.00      0.00      0.00      0.00      0.00    100.00
11:28:52 PM      29      0.00      0.00      0.00      0.00      0.00    100.00
11:28:52 PM      30      0.00      0.00      0.00      0.00      0.00    100.00
11:28:52 PM      31      0.00      0.00      0.00      0.00      0.00    100.00
11:28:52 PM      32      0.00      0.00      0.00      0.00      0.00    100.00
11:28:52 PM      33      0.00      0.00      0.00      0.00      0.00    100.00
11:28:52 PM      34      0.00      0.00      0.00      0.00      0.00    100.00
11:28:52 PM      35      0.00      0.00      0.00      0.00      0.00    100.00
11:28:52 PM      36      0.00      0.00      0.00      0.00      0.00    100.00
11:28:52 PM      37      0.00      0.00      0.00      0.00      0.00    100.00
11:28:52 PM      38      0.00      0.00      0.00      0.00      0.00    100.00
11:28:52 PM      39      0.00      0.00      1.00      0.00      0.00     99.00
11:28:52 PM      40      0.00      0.00      0.00      0.00      0.00    100.00
11:28:52 PM      41      0.00      0.00      0.00      0.00      0.00    100.00
11:28:52 PM      42      0.00      0.00      0.00      0.00      0.00    100.00
11:28:52 PM      43      0.00      0.00      0.00      0.00      0.00    100.00
11:28:52 PM      44      0.00      0.00      0.00      0.00      0.00    100.00
11:28:52 PM      45      0.00      0.00      0.00      0.00      0.00    100.00
11:28:52 PM      46      0.00      0.00      0.00      0.00      0.00    100.00
11:28:52 PM      47      0.00      0.00      0.00      0.00      0.00    100.00

11:28:52 PM     CPU     %user     %nice   %system   %iowait    %steal     %idle
11:28:53 PM     all      1.85      0.00      0.23      0.00      0.00     97.92
11:28:53 PM       0     89.00      0.00     11.00      0.00      0.00      0.00
11:28:53 PM       1      0.00      0.00      0.00      0.00      0.00    100.00
11:28:53 PM       2      0.00      0.00      0.00      0.00      0.00    100.00
11:28:53 PM       3      0.00      0.00      0.00      0.00      0.00    100.00
11:28:53 PM       4      0.00      0.00      0.00      0.00      0.00    100.00
11:28:53 PM       5      0.00      0.00      0.00      0.00      0.00    100.00
11:28:53 PM       6      0.00      0.00      0.00      0.00      0.00    100.00
11:28:53 PM       7      0.00      0.00      0.00      0.00      0.00    100.00
11:28:53 PM       8      0.00      0.00      0.00      0.00      0.00    100.00
11:28:53 PM       9      0.00      0.00      0.00      0.00      0.00    100.00
11:28:53 PM      10      0.00      0.00      0.00      0.00      0.00    100.00
11:28:53 PM      11      0.00      0.00      0.00      0.00      0.00    100.00
11:28:53 PM      12      0.00      0.00      0.00      0.00      0.00    100.00
11:28:53 PM      13      0.00      0.00      0.00      0.00      0.00    100.00
11:28:53 PM      14      0.00      0.00      0.00      0.00      0.00    100.00
11:28:53 PM      15      0.00      0.00      0.00      0.00      0.00    100.00
11:28:53 PM      16      0.00      0.00      0.00      0.00      0.00    100.00
11:28:53 PM      17      0.00      0.00      0.00      0.00      0.00    100.00
11:28:53 PM      18      0.00      0.00      0.00      0.00      0.00    100.00
11:28:53 PM      19      0.00      0.00      0.00      0.00      0.00    100.00
11:28:53 PM      20      0.00      0.00      0.00      0.00      0.00    100.00
11:28:53 PM      21      0.00      0.00      0.00      0.00      0.00    100.00
11:28:53 PM      22      0.00      0.00      0.00      0.00      0.00    100.00
11:28:53 PM      23      0.00      0.00      0.00      0.00      0.00    100.00
11:28:53 PM      24      0.00      0.00      0.00      0.00      0.00    100.00
11:28:53 PM      25      0.00      0.00      0.00      0.00      0.00    100.00
11:28:53 PM      26      0.00      0.00      0.00      0.00      0.00    100.00
11:28:53 PM      27      0.00      0.00      0.00      0.00      0.00    100.00
11:28:53 PM      28      0.00      0.00      0.00      0.00      0.00    100.00
11:28:53 PM      29      0.00      0.00      0.00      0.00      0.00    100.00
11:28:53 PM      30      0.00      0.00      0.00      0.00      0.00    100.00
11:28:53 PM      31      0.00      0.00      0.00      0.00      0.00    100.00
11:28:53 PM      32      0.00      0.00      0.00      0.00      0.00    100.00
11:28:53 PM      33      0.00      0.00      0.00      0.00      0.00    100.00
11:28:53 PM      34      0.00      0.00      0.00      0.00      0.00    100.00
11:28:53 PM      35      0.00      0.00      0.00      0.00      0.00    100.00
11:28:53 PM      36      0.00      0.00      0.00      0.00      0.00    100.00
11:28:53 PM      37      0.00      0.00      0.00      0.00      0.00    100.00
11:28:53 PM      38      0.00      0.00      0.00      0.00      0.00    100.00
11:28:53 PM      39      0.00      0.00      0.00      0.00      0.00    100.00
11:28:53 PM      40      0.00      0.00      0.00      0.00      0.00    100.00
11:28:53 PM      41      0.00      0.00      0.00      0.00      0.00    100.00
11:28:53 PM      42      0.00      0.00      0.00      0.00      0.00    100.00
11:28:53 PM      43      0.00      0.00      0.00      0.00      0.00    100.00
11:28:53 PM      44      0.00      0.00      0.00      0.00      0.00    100.00
11:28:53 PM      45      0.00      0.00      0.00      0.00      0.00    100.00
11:28:53 PM      46      0.00      0.00      0.00      0.00      0.00    100.00
11:28:53 PM      47      0.00      0.00      0.00      0.00      0.00    100.00

11:28:53 PM     CPU     %user     %nice   %system   %iowait    %steal     %idle
11:28:54 PM     all      1.88      0.00      0.25      0.00      0.00     97.88
11:28:54 PM       0     89.00      0.00     11.00      0.00      0.00      0.00
11:28:54 PM       1      0.00      0.00      0.00      0.00      0.00    100.00
11:28:54 PM       2      0.00      0.00      0.00      0.00      0.00    100.00
11:28:54 PM       3      0.00      0.00      0.00      0.00      0.00    100.00
11:28:54 PM       4      0.00      0.00      0.00      0.00      0.00    100.00
11:28:54 PM       5      0.00      0.00      0.00      0.00      0.00    100.00
11:28:54 PM       6      0.00      0.00      0.00      0.00      0.00    100.00
11:28:54 PM       7      0.00      0.00      0.00      0.00      0.00    100.00
11:28:54 PM       8      0.00      0.00      0.00      0.00      0.00    100.00
11:28:54 PM       9      0.00      0.00      0.00      0.00      0.00    100.00
11:28:54 PM      10      0.00      0.00      0.00      0.00      0.00    100.00
11:28:54 PM      11      0.00      0.00      0.00      0.00      0.00    100.00
11:28:54 PM      12      0.00      0.00      0.00      0.00      0.00    100.00
11:28:54 PM      13      0.00      0.00      0.00      0.00      0.00    100.00
11:28:54 PM      14      0.00      0.00      0.00      0.00      0.00    100.00
11:28:54 PM      15      0.00      0.00      0.00      0.00      0.00    100.00
11:28:54 PM      16      0.00      0.00      0.00      0.00      0.00    100.00
11:28:54 PM      17      0.00      0.00      0.00      0.00      0.00    100.00
11:28:54 PM      18      0.00      0.00      0.00      0.00      0.00    100.00
11:28:54 PM      19      0.00      0.00      0.00      0.00      0.00    100.00
11:28:54 PM      20      0.00      0.00      0.00      0.00      0.00    100.00
11:28:54 PM      21      0.00      0.00      0.00      0.00      0.00    100.00
11:28:54 PM      22      0.00      0.00      0.00      0.00      0.00    100.00
11:28:54 PM      23      0.00      0.00      0.00      0.00      0.00    100.00
11:28:54 PM      24      0.00      0.00      0.00      0.00      0.00    100.00
11:28:54 PM      25      0.00      0.00      0.00      0.00      0.00    100.00
11:28:54 PM      26      0.00      0.00      0.00      0.00      0.00    100.00
11:28:54 PM      27      0.00      0.00      0.00      0.00      0.00    100.00
11:28:54 PM      28      0.00      0.00      0.00      0.00      0.00    100.00
11:28:54 PM      29      0.00      0.00      0.00      0.00      0.00    100.00
11:28:54 PM      30      0.00      0.00      0.00      0.00      0.00    100.00
11:28:54 PM      31      0.00      0.00      0.00      0.00      0.00    100.00
11:28:54 PM      32      0.00      0.00      0.00      0.00      0.00    100.00
11:28:54 PM      33      0.00      0.00      0.00      0.00      0.00    100.00
11:28:54 PM      34      0.00      0.00      0.00      0.00      0.00    100.00
11:28:54 PM      35      0.00      0.00      0.00      0.00      0.00    100.00
11:28:54 PM      36      0.00      0.00      0.00      0.00      0.00    100.00
11:28:54 PM      37      0.00      0.00      0.00      0.00      0.00    100.00
11:28:54 PM      38      0.00      0.00      0.00      0.00      0.00    100.00
11:28:54 PM      39      0.00      0.00      1.00      0.00      0.00     99.00
11:28:54 PM      40      0.00      0.00      0.00      0.00      0.00    100.00
11:28:54 PM      41      0.00      0.00      0.00      0.00      0.00    100.00
11:28:54 PM      42      0.00      0.00      0.00      0.00      0.00    100.00
11:28:54 PM      43      0.00      0.00      0.00      0.00      0.00    100.00
11:28:54 PM      44      0.00      0.00      0.00      0.00      0.00    100.00
11:28:54 PM      45      0.00      0.00      0.00      0.00      0.00    100.00
11:28:54 PM      46      0.00      0.00      0.00      0.00      0.00    100.00
11:28:54 PM      47      0.00      0.00      0.00      0.00      0.00    100.00

11:28:54 PM     CPU     %user     %nice   %system   %iowait    %steal     %idle
11:28:55 PM     all      1.86      0.00      0.21      0.08      0.00     97.85
11:28:55 PM       0     90.00      0.00     10.00      0.00      0.00      0.00
11:28:55 PM       1      0.00      0.00      0.00      0.00      0.00    100.00
11:28:55 PM       2      0.00      0.00      0.00      0.00      0.00    100.00
11:28:55 PM       3      0.00      0.00      0.00      0.00      0.00    100.00
11:28:55 PM       4      0.00      0.00      0.00      0.00      0.00    100.00
11:28:55 PM       5      0.00      0.00      0.00      0.00      0.00    100.00
11:28:55 PM       6      0.00      0.00      0.00      0.00      0.00    100.00
11:28:55 PM       7      0.00      0.00      0.00      0.00      0.00    100.00
11:28:55 PM       8      0.00      0.00      0.00      0.00      0.00    100.00
11:28:55 PM       9      0.00      0.00      0.00      0.00      0.00    100.00
11:28:55 PM      10      0.00      0.00      0.00      0.00      0.00    100.00
11:28:55 PM      11      0.00      0.00      0.00      3.03      0.00     96.97
11:28:55 PM      12      0.00      0.00      0.00      0.00      0.00    100.00
11:28:55 PM      13      0.00      0.00      0.00      0.00      0.00    100.00
11:28:55 PM      14      0.00      0.00      0.00      0.00      0.00    100.00
11:28:55 PM      15      0.00      0.00      0.00      0.00      0.00    100.00
11:28:55 PM      16      0.00      0.00      0.00      0.00      0.00    100.00
11:28:55 PM      17      0.00      0.00      0.00      0.00      0.00    100.00
11:28:55 PM      18      0.00      0.00      0.00      0.00      0.00    100.00
11:28:55 PM      19      0.00      0.00      0.00      0.00      0.00    100.00
11:28:55 PM      20      0.00      0.00      0.00      0.00      0.00    100.00
11:28:55 PM      21      0.00      0.00      0.00      0.00      0.00    100.00
11:28:55 PM      22      0.00      0.00      0.00      0.00      0.00    100.00
11:28:55 PM      23      0.00      0.00      0.00      0.00      0.00    100.00
11:28:55 PM      24      0.00      0.00      0.00      0.00      0.00    100.00
11:28:55 PM      25      0.00      0.00      0.00      0.00      0.00    100.00
11:28:55 PM      26      0.00      0.00      0.00      0.00      0.00    100.00
11:28:55 PM      27      0.00      0.00      0.00      0.00      0.00    100.00
11:28:55 PM      28      0.00      0.00      0.00      0.00      0.00    100.00
11:28:55 PM      29      0.00      0.00      0.00      0.00      0.00    100.00
11:28:55 PM      30      0.00      0.00      0.00      0.00      0.00    100.00
11:28:55 PM      31      0.00      0.00      0.00      0.00      0.00    100.00
11:28:55 PM      32      0.00      0.00      0.00      0.00      0.00    100.00
11:28:55 PM      33      0.00      0.00      0.00      0.00      0.00    100.00
11:28:55 PM      34      0.00      0.00      0.00      0.00      0.00    100.00
11:28:55 PM      35      0.00      0.00      0.00      0.00      0.00    100.00
11:28:55 PM      36      0.00      0.00      0.00      0.00      0.00    100.00
11:28:55 PM      37      0.00      0.00      0.99      0.00      0.00     99.01
11:28:55 PM      38      0.00      0.00      0.00      0.00      0.00    100.00
11:28:55 PM      39      0.00      0.00      0.00      0.00      0.00    100.00
11:28:55 PM      40      0.00      0.00      0.00      0.00      0.00    100.00
11:28:55 PM      41      0.00      0.00      0.00      0.00      0.00    100.00
11:28:55 PM      42      0.00      0.00      0.00      0.00      0.00    100.00
11:28:55 PM      43      0.00      0.00      0.00      0.00      0.00    100.00
11:28:55 PM      44      0.00      0.00      0.00      0.00      0.00    100.00
11:28:55 PM      45      0.00      0.00      0.00      0.00      0.00    100.00
11:28:55 PM      46      0.00      0.00      0.00      0.00      0.00    100.00
11:28:55 PM      47      0.00      0.00      0.00      0.00      0.00    100.00

11:28:55 PM     CPU     %user     %nice   %system   %iowait    %steal     %idle
11:28:56 PM     all      1.90      0.00      0.23      0.00      0.00     97.88
11:28:56 PM       0     90.00      0.00     10.00      0.00      0.00      0.00
11:28:56 PM       1      0.00      0.00      0.00      0.00      0.00    100.00
11:28:56 PM       2      0.00      0.00      0.00      0.00      0.00    100.00
11:28:56 PM       3      0.00      0.00      0.00      0.00      0.00    100.00
11:28:56 PM       4      0.00      0.00      0.00      0.00      0.00    100.00
11:28:56 PM       5      0.00      0.00      0.00      0.00      0.00    100.00
11:28:56 PM       6      0.00      0.00      0.00      0.00      0.00    100.00
11:28:56 PM       7      0.00      0.00      0.00      0.00      0.00    100.00
11:28:56 PM       8      0.00      0.00      0.00      0.00      0.00    100.00
11:28:56 PM       9      0.00      0.00      0.00      0.00      0.00    100.00
11:28:56 PM      10      0.00      0.00      0.00      0.00      0.00    100.00
11:28:56 PM      11      0.00      0.00      0.00      0.00      0.00    100.00
11:28:56 PM      12      0.00      0.00      0.00      0.00      0.00    100.00
11:28:56 PM      13      0.00      0.00      0.00      0.00      0.00    100.00
11:28:56 PM      14      0.00      0.00      0.00      0.00      0.00    100.00
11:28:56 PM      15      0.00      0.00      0.00      0.00      0.00    100.00
11:28:56 PM      16      0.00      0.00      0.00      0.00      0.00    100.00
11:28:56 PM      17      0.00      0.00      0.00      0.00      0.00    100.00
11:28:56 PM      18      0.00      0.00      0.00      0.00      0.00    100.00
11:28:56 PM      19      0.00      0.00      0.00      0.00      0.00    100.00
11:28:56 PM      20      0.00      0.00      0.00      0.00      0.00    100.00
11:28:56 PM      21      0.00      0.00      0.00      0.00      0.00    100.00
11:28:56 PM      22      0.00      0.00      0.00      0.00      0.00    100.00
11:28:56 PM      23      0.00      0.00      0.00      0.00      0.00    100.00
11:28:56 PM      24      0.00      0.00      0.00      0.00      0.00    100.00
11:28:56 PM      25      0.00      0.00      0.00      0.00      0.00    100.00
11:28:56 PM      26      0.00      0.00      0.00      0.00      0.00    100.00
11:28:56 PM      27      0.00      0.00      0.00      0.00      0.00    100.00
11:28:56 PM      28      0.00      0.00      0.00      0.00      0.00    100.00
11:28:56 PM      29      0.00      0.00      0.00      0.00      0.00    100.00
11:28:56 PM      30      0.00      0.00      0.00      0.00      0.00    100.00
11:28:56 PM      31      0.00      0.00      0.00      0.00      0.00    100.00
11:28:56 PM      32      0.00      0.00      0.00      0.00      0.00    100.00
11:28:56 PM      33      0.00      0.00      0.00      0.00      0.00    100.00
11:28:56 PM      34      0.00      0.00      0.00      0.00      0.00    100.00
11:28:56 PM      35      0.00      0.00      0.00      0.00      0.00    100.00
11:28:56 PM      36      0.00      0.00      0.00      0.00      0.00    100.00
11:28:56 PM      37      0.00      0.00      0.00      0.00      0.00    100.00
11:28:56 PM      38      0.00      0.00      0.00      0.00      0.00    100.00
11:28:56 PM      39      0.00      0.00      1.00      0.00      0.00     99.00
11:28:56 PM      40      0.00      0.00      0.00      0.00      0.00    100.00
11:28:56 PM      41      0.00      0.00      0.00      0.00      0.00    100.00
11:28:56 PM      42      0.00      0.00      0.00      0.00      0.00    100.00
11:28:56 PM      43      0.00      0.00      0.00      0.00      0.00    100.00
11:28:56 PM      44      0.00      0.00      0.00      0.00      0.00    100.00
11:28:56 PM      45      0.00      0.00      0.00      0.00      0.00    100.00
11:28:56 PM      46      0.00      0.00      0.00      0.00      0.00    100.00
11:28:56 PM      47      0.00      0.00      0.00      0.00      0.00    100.00

11:28:56 PM     CPU     %user     %nice   %system   %iowait    %steal     %idle
11:28:57 PM     all      2.02      0.00      0.06      0.00      0.00     97.92
11:28:57 PM       0     97.00      0.00      3.00      0.00      0.00      0.00
11:28:57 PM       1      0.00      0.00      0.00      0.00      0.00    100.00
11:28:57 PM       2      0.00      0.00      0.00      0.00      0.00    100.00
11:28:57 PM       3      0.00      0.00      0.00      0.00      0.00    100.00
11:28:57 PM       4      0.00      0.00      0.00      0.00      0.00    100.00
11:28:57 PM       5      0.00      0.00      0.00      0.00      0.00    100.00
11:28:57 PM       6      0.00      0.00      0.00      0.00      0.00    100.00
11:28:57 PM       7      0.00      0.00      0.00      0.00      0.00    100.00
11:28:57 PM       8      0.00      0.00      0.00      0.00      0.00    100.00
11:28:57 PM       9      0.00      0.00      0.00      0.00      0.00    100.00
11:28:57 PM      10      0.00      0.00      0.00      0.00      0.00    100.00
11:28:57 PM      11      0.00      0.00      0.00      0.00      0.00    100.00
11:28:57 PM      12      0.00      0.00      0.00      0.00      0.00    100.00
11:28:57 PM      13      0.00      0.00      0.00      0.00      0.00    100.00
11:28:57 PM      14      0.00      0.00      0.00      0.00      0.00    100.00
11:28:57 PM      15      0.00      0.00      0.00      0.00      0.00    100.00
11:28:57 PM      16      0.00      0.00      0.00      0.00      0.00    100.00
11:28:57 PM      17      0.00      0.00      0.00      0.00      0.00    100.00
11:28:57 PM      18      0.00      0.00      0.00      0.00      0.00    100.00
11:28:57 PM      19      0.00      0.00      0.00      0.00      0.00    100.00
11:28:57 PM      20      0.00      0.00      0.00      0.00      0.00    100.00
11:28:57 PM      21      0.00      0.00      0.00      0.00      0.00    100.00
11:28:57 PM      22      0.00      0.00      0.00      0.00      0.00    100.00
11:28:57 PM      23      0.00      0.00      0.00      0.00      0.00    100.00
11:28:57 PM      24      0.00      0.00      0.00      0.00      0.00    100.00
11:28:57 PM      25      0.00      0.00      0.00      0.00      0.00    100.00
11:28:57 PM      26      0.00      0.00      0.00      0.00      0.00    100.00
11:28:57 PM      27      0.00      0.00      0.00      0.00      0.00    100.00
11:28:57 PM      28      0.00      0.00      0.00      0.00      0.00    100.00
11:28:57 PM      29      0.00      0.00      0.00      0.00      0.00    100.00
11:28:57 PM      30      0.00      0.00      0.00      0.00      0.00    100.00
11:28:57 PM      31      0.00      0.00      0.00      0.00      0.00    100.00
11:28:57 PM      32      0.00      0.00      0.00      0.00      0.00    100.00
11:28:57 PM      33      0.00      0.00      0.00      0.00      0.00    100.00
11:28:57 PM      34      0.00      0.00      0.00      0.00      0.00    100.00
11:28:57 PM      35      0.00      0.00      0.00      0.00      0.00    100.00
11:28:57 PM      36      0.00      0.00      0.00      0.00      0.00    100.00
11:28:57 PM      37      0.00      0.00      0.00      0.00      0.00    100.00
11:28:57 PM      38      0.00      0.00      0.00      0.00      0.00    100.00
11:28:57 PM      39      0.00      0.00      0.00      0.00      0.00    100.00
11:28:57 PM      40      0.00      0.00      0.00      0.00      0.00    100.00
11:28:57 PM      41      0.00      0.00      0.00      0.00      0.00    100.00
11:28:57 PM      42      0.00      0.00      0.00      0.00      0.00    100.00
11:28:57 PM      43      0.00      0.00      0.00      0.00      0.00    100.00
11:28:57 PM      44      0.00      0.00      0.00      0.00      0.00    100.00
11:28:57 PM      45      0.00      0.00      0.00      0.00      0.00    100.00
11:28:57 PM      46      0.00      0.00      0.00      0.00      0.00    100.00
11:28:57 PM      47      0.00      0.00      0.00      0.00      0.00    100.00

11:28:57 PM     CPU     %user     %nice   %system   %iowait    %steal     %idle
11:28:58 PM     all      2.08      0.00      0.02      0.00      0.00     97.90
11:28:58 PM       0    100.00      0.00      0.00      0.00      0.00      0.00
11:28:58 PM       1      0.00      0.00      0.00      0.00      0.00    100.00
11:28:58 PM       2      0.00      0.00      0.00      0.00      0.00    100.00
11:28:58 PM       3      0.00      0.00      0.00      0.00      0.00    100.00
11:28:58 PM       4      0.00      0.00      0.00      0.00      0.00    100.00
11:28:58 PM       5      0.00      0.00      0.00      0.00      0.00    100.00
11:28:58 PM       6      0.00      0.00      0.00      0.00      0.00    100.00
11:28:58 PM       7      0.00      0.00      0.00      0.00      0.00    100.00
11:28:58 PM       8      0.00      0.00      0.00      0.00      0.00    100.00
11:28:58 PM       9      0.00      0.00      0.00      0.00      0.00    100.00
11:28:58 PM      10      0.00      0.00      0.00      0.00      0.00    100.00
11:28:58 PM      11      0.00      0.00      0.00      0.00      0.00    100.00
11:28:58 PM      12      0.00      0.00      0.00      0.00      0.00    100.00
11:28:58 PM      13      0.00      0.00      0.00      0.00      0.00    100.00
11:28:58 PM      14      0.00      0.00      0.00      0.00      0.00    100.00
11:28:58 PM      15      0.00      0.00      0.00      0.00      0.00    100.00
11:28:58 PM      16      0.00      0.00      0.00      0.00      0.00    100.00
11:28:58 PM      17      0.00      0.00      0.00      0.00      0.00    100.00
11:28:58 PM      18      0.00      0.00      0.00      0.00      0.00    100.00
11:28:58 PM      19      0.00      0.00      0.00      0.00      0.00    100.00
11:28:58 PM      20      0.00      0.00      0.00      0.00      0.00    100.00
11:28:58 PM      21      0.00      0.00      0.00      0.00      0.00    100.00
11:28:58 PM      22      0.00      0.00      0.00      0.00      0.00    100.00
11:28:58 PM      23      0.00      0.00      0.00      0.00      0.00    100.00
11:28:58 PM      24      0.00      0.00      0.00      0.00      0.00    100.00
11:28:58 PM      25      0.00      0.00      0.00      0.00      0.00    100.00
11:28:58 PM      26      0.00      0.00      0.00      0.00      0.00    100.00
11:28:58 PM      27      0.00      0.00      0.00      0.00      0.00    100.00
11:28:58 PM      28      0.00      0.00      0.00      0.00      0.00    100.00
11:28:58 PM      29      0.00      0.00      0.00      0.00      0.00    100.00
11:28:58 PM      30      0.00      0.00      0.00      0.00      0.00    100.00
11:28:58 PM      31      0.00      0.00      0.00      0.00      0.00    100.00
11:28:58 PM      32      0.00      0.00      0.00      0.00      0.00    100.00
11:28:58 PM      33      0.00      0.00      0.00      0.00      0.00    100.00
11:28:58 PM      34      0.00      0.00      0.00      0.00      0.00    100.00
11:28:58 PM      35      0.00      0.00      0.00      0.00      0.00    100.00
11:28:58 PM      36      0.00      0.00      0.00      0.00      0.00    100.00
11:28:58 PM      37      0.00      0.00      0.00      0.00      0.00    100.00
11:28:58 PM      38      0.00      0.00      0.00      0.00      0.00    100.00
11:28:58 PM      39      0.00      0.00      1.00      0.00      0.00     99.00
11:28:58 PM      40      0.00      0.00      0.00      0.00      0.00    100.00
11:28:58 PM      41      0.00      0.00      0.00      0.00      0.00    100.00
11:28:58 PM      42      0.00      0.00      0.00      0.00      0.00    100.00
11:28:58 PM      43      0.00      0.00      0.00      0.00      0.00    100.00
11:28:58 PM      44      0.00      0.00      0.00      0.00      0.00    100.00
11:28:58 PM      45      0.00      0.00      0.00      0.00      0.00    100.00
11:28:58 PM      46      0.00      0.00      0.00      0.00      0.00    100.00
11:28:58 PM      47      0.00      0.00      0.00      0.00      0.00    100.00

11:28:58 PM     CPU     %user     %nice   %system   %iowait    %steal     %idle
11:28:59 PM     all      2.08      0.00      0.00      0.00      0.00     97.92
11:28:59 PM       0    100.00      0.00      0.00      0.00      0.00      0.00
11:28:59 PM       1      0.00      0.00      0.00      0.00      0.00    100.00
11:28:59 PM       2      0.00      0.00      0.00      0.00      0.00    100.00
11:28:59 PM       3      0.00      0.00      0.00      0.00      0.00    100.00
11:28:59 PM       4      0.00      0.00      0.00      0.00      0.00    100.00
11:28:59 PM       5      0.00      0.00      0.00      0.00      0.00    100.00
11:28:59 PM       6      0.00      0.00      0.00      0.00      0.00    100.00
11:28:59 PM       7      0.00      0.00      0.00      0.00      0.00    100.00
11:28:59 PM       8      0.00      0.00      0.00      0.00      0.00    100.00
11:28:59 PM       9      0.00      0.00      0.00      0.00      0.00    100.00
11:28:59 PM      10      0.00      0.00      0.00      0.00      0.00    100.00
11:28:59 PM      11      0.00      0.00      0.00      0.00      0.00    100.00
11:28:59 PM      12      0.00      0.00      0.00      0.00      0.00    100.00
11:28:59 PM      13      0.00      0.00      0.00      0.00      0.00    100.00
11:28:59 PM      14      0.00      0.00      0.00      0.00      0.00    100.00
11:28:59 PM      15      0.00      0.00      0.00      0.00      0.00    100.00
11:28:59 PM      16      0.00      0.00      0.00      0.00      0.00    100.00
11:28:59 PM      17      0.00      0.00      0.00      0.00      0.00    100.00
11:28:59 PM      18      0.00      0.00      0.00      0.00      0.00    100.00
11:28:59 PM      19      0.00      0.00      0.00      0.00      0.00    100.00
11:28:59 PM      20      0.00      0.00      0.00      0.00      0.00    100.00
11:28:59 PM      21      0.00      0.00      0.00      0.00      0.00    100.00
11:28:59 PM      22      0.00      0.00      0.00      0.00      0.00    100.00
11:28:59 PM      23      0.00      0.00      0.00      0.00      0.00    100.00
11:28:59 PM      24      0.00      0.00      0.00      0.00      0.00    100.00
11:28:59 PM      25      0.00      0.00      0.00      0.00      0.00    100.00
11:28:59 PM      26      0.00      0.00      0.00      0.00      0.00    100.00
11:28:59 PM      27      0.00      0.00      0.00      0.00      0.00    100.00
11:28:59 PM      28      0.00      0.00      0.00      0.00      0.00    100.00
11:28:59 PM      29      0.00      0.00      0.00      0.00      0.00    100.00
11:28:59 PM      30      0.00      0.00      0.00      0.00      0.00    100.00
11:28:59 PM      31      0.00      0.00      0.00      0.00      0.00    100.00
11:28:59 PM      32      0.00      0.00      0.00      0.00      0.00    100.00
11:28:59 PM      33      0.00      0.00      0.00      0.00      0.00    100.00
11:28:59 PM      34      0.00      0.00      0.00      0.00      0.00    100.00
11:28:59 PM      35      0.00      0.00      0.00      0.00      0.00    100.00
11:28:59 PM      36      0.00      0.00      0.00      0.00      0.00    100.00
11:28:59 PM      37      0.00      0.00      0.00      0.00      0.00    100.00
11:28:59 PM      38      0.00      0.00      0.00      0.00      0.00    100.00
11:28:59 PM      39      0.00      0.00      0.00      0.00      0.00    100.00
11:28:59 PM      40      0.00      0.00      0.00      0.00      0.00    100.00
11:28:59 PM      41      0.00      0.00      0.00      0.00      0.00    100.00
11:28:59 PM      42      0.00      0.00      0.00      0.00      0.00    100.00
11:28:59 PM      43      0.00      0.00      0.00      0.00      0.00    100.00
11:28:59 PM      44      0.00      0.00      0.00      0.00      0.00    100.00
11:28:59 PM      45      0.00      0.00      0.00      0.00      0.00    100.00
11:28:59 PM      46      0.00      0.00      0.00      0.00      0.00    100.00
11:28:59 PM      47      0.00      0.00      0.00      0.00      0.00    100.00

Average:        CPU     %user     %nice   %system   %iowait    %steal     %idle
Average:        all      1.94      0.00      0.16      0.01      0.00     97.89
Average:          0     92.74      0.00      7.26      0.00      0.00      0.00
Average:          1      0.00      0.00      0.00      0.00      0.00    100.00
Average:          2      0.00      0.00      0.00      0.00      0.00    100.00
Average:          3      0.00      0.00      0.00      0.00      0.00    100.00
Average:          4      0.00      0.00      0.00      0.00      0.00    100.00
Average:          5      0.00      0.00      0.00      0.00      0.00    100.00
Average:          6      0.00      0.00      0.00      0.00      0.00    100.00
Average:          7      0.00      0.00      0.00      0.00      0.00    100.00
Average:          8      0.00      0.00      0.00      0.00      0.00    100.00
Average:          9      0.00      0.00      0.00      0.00      0.00    100.00
Average:         10      0.00      0.00      0.00      0.00      0.00    100.00
Average:         11      0.00      0.00      0.00      0.20      0.00     99.80
Average:         12      0.00      0.00      0.00      0.00      0.00    100.00
Average:         13      0.00      0.00      0.00      0.00      0.00    100.00
Average:         14      0.00      0.00      0.00      0.00      0.00    100.00
Average:         15      0.00      0.00      0.00      0.00      0.00    100.00
Average:         16      0.00      0.00      0.00      0.00      0.00    100.00
Average:         17      0.00      0.00      0.00      0.00      0.00    100.00
Average:         18      0.00      0.00      0.00      0.00      0.00    100.00
Average:         19      0.00      0.00      0.00      0.00      0.00    100.00
Average:         20      0.00      0.00      0.00      0.00      0.00    100.00
Average:         21      0.00      0.00      0.00      0.00      0.00    100.00
Average:         22      0.00      0.00      0.00      0.00      0.00    100.00
Average:         23      0.00      0.00      0.00      0.00      0.00    100.00
Average:         24      0.00      0.00      0.00      0.00      0.00    100.00
Average:         25      0.00      0.00      0.00      0.00      0.00    100.00
Average:         26      0.00      0.00      0.00      0.00      0.00    100.00
Average:         27      0.00      0.00      0.00      0.00      0.00    100.00
Average:         28      0.00      0.00      0.00      0.00      0.00    100.00
Average:         29      0.00      0.00      0.00      0.00      0.00    100.00
Average:         30      0.00      0.00      0.00      0.00      0.00    100.00
Average:         31      0.00      0.00      0.00      0.00      0.00    100.00
Average:         32      0.00      0.00      0.00      0.00      0.00    100.00
Average:         33      0.00      0.00      0.00      0.00      0.00    100.00
Average:         34      0.00      0.00      0.00      0.13      0.00     99.87
Average:         35      0.00      0.00      0.00      0.00      0.00    100.00
Average:         36      0.00      0.00      0.00      0.00      0.00    100.00
Average:         37      0.00      0.00      0.07      0.00      0.00     99.93
Average:         38      0.00      0.00      0.00      0.00      0.00    100.00
Average:         39      0.00      0.00      0.53      0.00      0.00     99.47
Average:         40      0.00      0.00      0.00      0.00      0.00    100.00
Average:         41      0.00      0.00      0.00      0.00      0.00    100.00
Average:         42      0.00      0.00      0.00      0.00      0.00    100.00
Average:         43      0.00      0.00      0.00      0.00      0.00    100.00
Average:         44      0.00      0.00      0.00      0.00      0.00    100.00
Average:         45      0.00      0.00      0.00      0.00      0.00    100.00
Average:         46      0.00      0.00      0.00      0.00      0.00    100.00
Average:         47      0.00      0.00      0.00      0.00      0.00    100.00
