Linux 3.10.0-514.el7.x86_64 (localhost.localdomain) 	02/26/2020 	_x86_64_	(48 CPU)

11:39:59 PM     CPU     %user     %nice   %system   %iowait    %steal     %idle
11:40:00 PM     all      2.12      0.00      0.02      0.00      0.00     97.85
11:40:00 PM       0    100.00      0.00      0.00      0.00      0.00      0.00
11:40:00 PM       1      0.00      0.00      0.00      0.00      0.00    100.00
11:40:00 PM       2      0.99      0.00      0.00      0.00      0.00     99.01
11:40:00 PM       3      0.00      0.00      0.00      0.00      0.00    100.00
11:40:00 PM       4      0.00      0.00      0.00      0.00      0.00    100.00
11:40:00 PM       5      0.00      0.00      0.00      0.00      0.00    100.00
11:40:00 PM       6      0.00      0.00      0.00      0.00      0.00    100.00
11:40:00 PM       7      0.00      0.00      0.00      0.00      0.00    100.00
11:40:00 PM       8      0.99      0.00      0.99      0.00      0.00     98.02
11:40:00 PM       9      0.00      0.00      0.00      0.00      0.00    100.00
11:40:00 PM      10      0.00      0.00      0.00      0.00      0.00    100.00
11:40:00 PM      11      0.00      0.00      0.00      0.00      0.00    100.00
11:40:00 PM      12      0.00      0.00      0.00      0.00      0.00    100.00
11:40:00 PM      13      0.00      0.00      0.00      0.00      0.00    100.00
11:40:00 PM      14      0.00      0.00      0.00      0.00      0.00    100.00
11:40:00 PM      15      0.00      0.00      0.00      0.00      0.00    100.00
11:40:00 PM      16      0.00      0.00      0.00      0.00      0.00    100.00
11:40:00 PM      17      0.00      0.00      0.00      0.00      0.00    100.00
11:40:00 PM      18      0.00      0.00      0.00      0.00      0.00    100.00
11:40:00 PM      19      0.00      0.00      0.00      0.00      0.00    100.00
11:40:00 PM      20      0.00      0.00      0.00      0.00      0.00    100.00
11:40:00 PM      21      0.00      0.00      0.00      0.00      0.00    100.00
11:40:00 PM      22      0.00      0.00      0.00      0.00      0.00    100.00
11:40:00 PM      23      0.00      0.00      0.00      0.00      0.00    100.00
11:40:00 PM      24      0.00      0.00      0.00      0.00      0.00    100.00
11:40:00 PM      25      0.00      0.00      0.00      0.00      0.00    100.00
11:40:00 PM      26      0.00      0.00      0.00      0.00      0.00    100.00
11:40:00 PM      27      0.00      0.00      0.00      0.00      0.00    100.00
11:40:00 PM      28      0.00      0.00      0.00      0.00      0.00    100.00
11:40:00 PM      29      0.00      0.00      0.00      0.00      0.00    100.00
11:40:00 PM      30      0.00      0.00      0.00      0.00      0.00    100.00
11:40:00 PM      31      0.00      0.00      0.00      0.00      0.00    100.00
11:40:00 PM      32      0.00      0.00      0.00      0.00      0.00    100.00
11:40:00 PM      33      0.00      0.00      0.00      0.00      0.00    100.00
11:40:00 PM      34      0.00      0.00      0.00      0.00      0.00    100.00
11:40:00 PM      35      0.00      0.00      0.00      0.00      0.00    100.00
11:40:00 PM      36      0.00      0.00      0.00      0.00      0.00    100.00
11:40:00 PM      37      0.00      0.00      0.00      0.00      0.00    100.00
11:40:00 PM      38      0.00      0.00      0.00      0.00      0.00    100.00
11:40:00 PM      39      0.00      0.00      0.00      0.00      0.00    100.00
11:40:00 PM      40      0.00      0.00      0.00      0.00      0.00    100.00
11:40:00 PM      41      0.00      0.00      0.00      0.00      0.00    100.00
11:40:00 PM      42      0.00      0.00      0.00      0.00      0.00    100.00
11:40:00 PM      43      0.00      0.00      0.00      0.00      0.00    100.00
11:40:00 PM      44      0.00      0.00      0.00      0.00      0.00    100.00
11:40:00 PM      45      0.00      0.00      0.00      0.00      0.00    100.00
11:40:00 PM      46      0.00      0.00      0.00      0.00      0.00    100.00
11:40:00 PM      47      0.00      0.00      0.00      0.00      0.00    100.00

11:40:00 PM     CPU     %user     %nice   %system   %iowait    %steal     %idle
11:40:01 PM     all      2.23      0.00      0.37      0.00      0.00     97.40
11:40:01 PM       0    100.00      0.00      0.00      0.00      0.00      0.00
11:40:01 PM       1      0.00      0.00      0.00      0.00      0.00    100.00
11:40:01 PM       2      0.00      0.00      0.00      0.00      0.00    100.00
11:40:01 PM       3      0.00      0.00      1.00      0.00      0.00     99.00
11:40:01 PM       4      1.00      0.00      0.00      0.00      0.00     99.00
11:40:01 PM       5      0.00      0.00      0.00      0.00      0.00    100.00
11:40:01 PM       6      0.00      0.00      0.00      0.00      0.00    100.00
11:40:01 PM       7      1.00      0.00      1.00      0.00      0.00     98.00
11:40:01 PM       8      0.00      0.00      0.00      0.00      0.00    100.00
11:40:01 PM       9      0.00      0.00      0.00      0.00      0.00    100.00
11:40:01 PM      10      0.00      0.00      0.00      0.00      0.00    100.00
11:40:01 PM      11      0.00      0.00      0.00      0.00      0.00    100.00
11:40:01 PM      12      0.00      0.00      0.00      0.00      0.00    100.00
11:40:01 PM      13      0.00      0.00      0.00      0.00      0.00    100.00
11:40:01 PM      14      0.00      0.00      0.00      0.00      0.00    100.00
11:40:01 PM      15      0.99      0.00      1.98      0.00      0.00     97.03
11:40:01 PM      16      0.00      0.00      0.00      0.00      0.00    100.00
11:40:01 PM      17      0.00      0.00      0.00      0.00      0.00    100.00
11:40:01 PM      18      0.00      0.00      0.00      0.00      0.00    100.00
11:40:01 PM      19      0.00      0.00      1.00      0.00      0.00     99.00
11:40:01 PM      20      0.00      0.00      0.00      0.00      0.00    100.00
11:40:01 PM      21      0.00      0.00      0.00      0.00      0.00    100.00
11:40:01 PM      22      0.00      0.00      0.00      0.00      0.00    100.00
11:40:01 PM      23      0.00      0.00      0.00      0.00      0.00    100.00
11:40:01 PM      24      0.00      0.00      0.00      0.00      0.00    100.00
11:40:01 PM      25      0.00      0.00      0.00      0.00      0.00    100.00
11:40:01 PM      26      0.00      0.00      4.00      0.00      0.00     96.00
11:40:01 PM      27      0.00      0.00      0.00      0.00      0.00    100.00
11:40:01 PM      28      0.99      0.00      0.00      0.00      0.00     99.01
11:40:01 PM      29      0.00      0.00      0.00      0.00      0.00    100.00
11:40:01 PM      30      0.00      0.00      0.00      0.00      0.00    100.00
11:40:01 PM      31      1.00      0.00      0.00      0.00      0.00     99.00
11:40:01 PM      32      0.00      0.00      0.00      0.00      0.00    100.00
11:40:01 PM      33      0.00      0.00      1.00      0.00      0.00     99.00
11:40:01 PM      34      0.00      0.00      0.00      0.00      0.00    100.00
11:40:01 PM      35      0.00      0.00      0.00      0.00      0.00    100.00
11:40:01 PM      36      0.00      0.00      0.00      0.00      0.00    100.00
11:40:01 PM      37      0.98      0.00      1.96      0.00      0.00     97.06
11:40:01 PM      38      0.99      0.00      2.97      0.00      0.00     96.04
11:40:01 PM      39      0.00      0.00      1.00      0.00      0.00     99.00
11:40:01 PM      40      0.00      0.00      0.99      0.00      0.00     99.01
11:40:01 PM      41      0.00      0.00      1.01      0.00      0.00     98.99
11:40:01 PM      42      0.00      0.00      0.00      0.00      0.00    100.00
11:40:01 PM      43      0.00      0.00      0.00      0.00      0.00    100.00
11:40:01 PM      44      0.00      0.00      3.00      0.00      0.00     97.00
11:40:01 PM      45      0.00      0.00      0.00      0.00      0.00    100.00
11:40:01 PM      46      0.00      0.00      0.00      0.00      0.00    100.00
11:40:01 PM      47      0.00      0.00      0.00      0.00      0.00    100.00

11:40:01 PM     CPU     %user     %nice   %system   %iowait    %steal     %idle
11:40:02 PM     all      1.86      0.00      0.23      0.00      0.00     97.91
11:40:02 PM       0     89.11      0.00     10.89      0.00      0.00      0.00
11:40:02 PM       1      0.00      0.00      0.00      0.00      0.00    100.00
11:40:02 PM       2      0.00      0.00      0.00      0.00      0.00    100.00
11:40:02 PM       3      0.00      0.00      0.00      0.00      0.00    100.00
11:40:02 PM       4      0.00      0.00      0.00      0.00      0.00    100.00
11:40:02 PM       5      0.00      0.00      0.00      0.00      0.00    100.00
11:40:02 PM       6      0.00      0.00      0.00      0.00      0.00    100.00
11:40:02 PM       7      0.00      0.00      0.00      0.00      0.00    100.00
11:40:02 PM       8      0.00      0.00      0.00      0.00      0.00    100.00
11:40:02 PM       9      0.00      0.00      0.00      0.00      0.00    100.00
11:40:02 PM      10      0.00      0.00      0.00      0.00      0.00    100.00
11:40:02 PM      11      0.00      0.00      0.00      0.00      0.00    100.00
11:40:02 PM      12      0.00      0.00      0.00      0.00      0.00    100.00
11:40:02 PM      13      0.00      0.00      0.00      0.00      0.00    100.00
11:40:02 PM      14      0.00      0.00      0.00      0.00      0.00    100.00
11:40:02 PM      15      0.00      0.00      0.00      0.00      0.00    100.00
11:40:02 PM      16      0.00      0.00      0.00      0.00      0.00    100.00
11:40:02 PM      17      0.00      0.00      0.00      0.00      0.00    100.00
11:40:02 PM      18      0.00      0.00      0.00      0.00      0.00    100.00
11:40:02 PM      19      0.00      0.00      0.00      0.00      0.00    100.00
11:40:02 PM      20      0.00      0.00      0.00      0.00      0.00    100.00
11:40:02 PM      21      0.00      0.00      0.00      0.00      0.00    100.00
11:40:02 PM      22      0.00      0.00      0.00      0.00      0.00    100.00
11:40:02 PM      23      0.00      0.00      0.00      0.00      0.00    100.00
11:40:02 PM      24      0.00      0.00      0.00      0.00      0.00    100.00
11:40:02 PM      25      0.00      0.00      0.00      0.00      0.00    100.00
11:40:02 PM      26      0.00      0.00      0.00      0.00      0.00    100.00
11:40:02 PM      27      0.00      0.00      0.00      0.00      0.00    100.00
11:40:02 PM      28      0.00      0.00      0.00      0.00      0.00    100.00
11:40:02 PM      29      0.00      0.00      0.00      0.00      0.00    100.00
11:40:02 PM      30      0.00      0.00      0.00      0.00      0.00    100.00
11:40:02 PM      31      0.00      0.00      0.00      0.00      0.00    100.00
11:40:02 PM      32      0.00      0.00      0.00      0.00      0.00    100.00
11:40:02 PM      33      0.00      0.00      0.00      0.00      0.00    100.00
11:40:02 PM      34      0.00      0.00      0.00      0.00      0.00    100.00
11:40:02 PM      35      0.00      0.00      0.00      0.00      0.00    100.00
11:40:02 PM      36      0.00      0.00      0.00      0.00      0.00    100.00
11:40:02 PM      37      0.00      0.00      0.00      0.00      0.00    100.00
11:40:02 PM      38      0.00      0.00      0.00      0.00      0.00    100.00
11:40:02 PM      39      0.00      0.00      0.00      0.00      0.00    100.00
11:40:02 PM      40      0.00      0.00      0.00      0.00      0.00    100.00
11:40:02 PM      41      0.00      0.00      0.00      0.00      0.00    100.00
11:40:02 PM      42      0.00      0.00      0.00      0.00      0.00    100.00
11:40:02 PM      43      0.00      0.00      0.00      0.00      0.00    100.00
11:40:02 PM      44      0.00      0.00      0.00      0.00      0.00    100.00
11:40:02 PM      45      0.00      0.00      0.00      0.00      0.00    100.00
11:40:02 PM      46      0.00      0.00      0.00      0.00      0.00    100.00
11:40:02 PM      47      0.00      0.00      0.00      0.00      0.00    100.00

11:40:02 PM     CPU     %user     %nice   %system   %iowait    %steal     %idle
11:40:03 PM     all      1.83      0.00      0.27      0.00      0.00     97.90
11:40:03 PM       0     88.00      0.00     12.00      0.00      0.00      0.00
11:40:03 PM       1      0.00      0.00      0.00      0.00      0.00    100.00
11:40:03 PM       2      0.00      0.00      0.00      0.00      0.00    100.00
11:40:03 PM       3      0.00      0.00      0.00      0.00      0.00    100.00
11:40:03 PM       4      0.00      0.00      0.00      0.00      0.00    100.00
11:40:03 PM       5      0.00      0.00      0.00      0.00      0.00    100.00
11:40:03 PM       6      0.00      0.00      0.00      0.00      0.00    100.00
11:40:03 PM       7      0.00      0.00      0.00      0.00      0.00    100.00
11:40:03 PM       8      0.00      0.00      0.00      0.00      0.00    100.00
11:40:03 PM       9      0.00      0.00      0.00      0.00      0.00    100.00
11:40:03 PM      10      0.00      0.00      0.00      0.00      0.00    100.00
11:40:03 PM      11      0.00      0.00      0.00      0.00      0.00    100.00
11:40:03 PM      12      0.00      0.00      0.00      0.00      0.00    100.00
11:40:03 PM      13      0.00      0.00      0.00      0.00      0.00    100.00
11:40:03 PM      14      0.00      0.00      0.00      0.00      0.00    100.00
11:40:03 PM      15      0.00      0.00      0.00      0.00      0.00    100.00
11:40:03 PM      16      0.00      0.00      0.00      0.00      0.00    100.00
11:40:03 PM      17      0.00      0.00      0.00      0.00      0.00    100.00
11:40:03 PM      18      0.00      0.00      0.00      0.00      0.00    100.00
11:40:03 PM      19      0.00      0.00      0.00      0.00      0.00    100.00
11:40:03 PM      20      0.00      0.00      0.00      0.00      0.00    100.00
11:40:03 PM      21      0.00      0.00      0.00      0.00      0.00    100.00
11:40:03 PM      22      0.00      0.00      0.00      0.00      0.00    100.00
11:40:03 PM      23      0.00      0.00      0.00      0.00      0.00    100.00
11:40:03 PM      24      0.00      0.00      0.00      0.00      0.00    100.00
11:40:03 PM      25      0.00      0.00      0.00      0.00      0.00    100.00
11:40:03 PM      26      0.00      0.00      0.00      0.00      0.00    100.00
11:40:03 PM      27      0.00      0.00      0.00      0.00      0.00    100.00
11:40:03 PM      28      0.00      0.00      0.00      0.00      0.00    100.00
11:40:03 PM      29      0.00      0.00      0.00      0.00      0.00    100.00
11:40:03 PM      30      0.00      0.00      0.00      0.00      0.00    100.00
11:40:03 PM      31      0.00      0.00      0.00      0.00      0.00    100.00
11:40:03 PM      32      0.00      0.00      0.00      0.00      0.00    100.00
11:40:03 PM      33      0.00      0.00      0.00      0.00      0.00    100.00
11:40:03 PM      34      0.00      0.00      0.00      0.00      0.00    100.00
11:40:03 PM      35      0.00      0.00      0.00      0.00      0.00    100.00
11:40:03 PM      36      0.00      0.00      0.00      0.00      0.00    100.00
11:40:03 PM      37      0.00      0.00      0.00      0.00      0.00    100.00
11:40:03 PM      38      0.00      0.00      0.00      0.00      0.00    100.00
11:40:03 PM      39      0.00      0.00      1.00      0.00      0.00     99.00
11:40:03 PM      40      0.00      0.00      0.00      0.00      0.00    100.00
11:40:03 PM      41      0.00      0.00      0.00      0.00      0.00    100.00
11:40:03 PM      42      0.00      0.00      0.00      0.00      0.00    100.00
11:40:03 PM      43      0.00      0.00      0.00      0.00      0.00    100.00
11:40:03 PM      44      0.00      0.00      0.00      0.00      0.00    100.00
11:40:03 PM      45      0.00      0.00      0.00      0.00      0.00    100.00
11:40:03 PM      46      0.00      0.00      0.00      0.00      0.00    100.00
11:40:03 PM      47      0.00      0.00      0.00      0.00      0.00    100.00

11:40:03 PM     CPU     %user     %nice   %system   %iowait    %steal     %idle
11:40:04 PM     all      1.88      0.00      0.23      0.00      0.00     97.90
11:40:04 PM       0     89.90      0.00     10.10      0.00      0.00      0.00
11:40:04 PM       1      0.00      0.00      0.00      0.00      0.00    100.00
11:40:04 PM       2      0.00      0.00      0.00      0.00      0.00    100.00
11:40:04 PM       3      0.00      0.00      0.00      0.00      0.00    100.00
11:40:04 PM       4      0.00      0.00      0.00      0.00      0.00    100.00
11:40:04 PM       5      0.00      0.00      0.00      0.00      0.00    100.00
11:40:04 PM       6      0.00      0.00      0.00      0.00      0.00    100.00
11:40:04 PM       7      0.00      0.00      0.00      0.00      0.00    100.00
11:40:04 PM       8      0.00      0.00      0.00      0.00      0.00    100.00
11:40:04 PM       9      0.00      0.00      0.00      0.00      0.00    100.00
11:40:04 PM      10      0.00      0.00      0.00      0.00      0.00    100.00
11:40:04 PM      11      0.00      0.00      0.00      0.00      0.00    100.00
11:40:04 PM      12      0.00      0.00      0.00      0.00      0.00    100.00
11:40:04 PM      13      0.00      0.00      0.00      0.00      0.00    100.00
11:40:04 PM      14      0.00      0.00      0.99      0.00      0.00     99.01
11:40:04 PM      15      0.00      0.00      0.00      0.00      0.00    100.00
11:40:04 PM      16      0.00      0.00      0.00      0.00      0.00    100.00
11:40:04 PM      17      0.00      0.00      0.00      0.00      0.00    100.00
11:40:04 PM      18      0.00      0.00      0.00      0.00      0.00    100.00
11:40:04 PM      19      0.00      0.00      0.00      0.00      0.00    100.00
11:40:04 PM      20      0.00      0.00      0.00      0.00      0.00    100.00
11:40:04 PM      21      0.00      0.00      0.00      0.00      0.00    100.00
11:40:04 PM      22      0.00      0.00      0.00      0.00      0.00    100.00
11:40:04 PM      23      0.00      0.00      0.00      0.00      0.00    100.00
11:40:04 PM      24      0.00      0.00      0.00      0.00      0.00    100.00
11:40:04 PM      25      0.00      0.00      0.00      0.00      0.00    100.00
11:40:04 PM      26      0.00      0.00      0.00      0.00      0.00    100.00
11:40:04 PM      27      0.00      0.00      0.00      0.00      0.00    100.00
11:40:04 PM      28      0.00      0.00      0.00      0.00      0.00    100.00
11:40:04 PM      29      0.00      0.00      0.00      0.00      0.00    100.00
11:40:04 PM      30      0.00      0.00      0.00      0.00      0.00    100.00
11:40:04 PM      31      0.00      0.00      0.00      0.00      0.00    100.00
11:40:04 PM      32      0.00      0.00      0.00      0.00      0.00    100.00
11:40:04 PM      33      0.00      0.00      0.00      0.00      0.00    100.00
11:40:04 PM      34      0.00      0.00      0.00      0.00      0.00    100.00
11:40:04 PM      35      0.00      0.00      0.00      0.00      0.00    100.00
11:40:04 PM      36      0.00      0.00      0.00      0.00      0.00    100.00
11:40:04 PM      37      0.00      0.00      0.00      0.00      0.00    100.00
11:40:04 PM      38      0.00      0.00      0.00      0.00      0.00    100.00
11:40:04 PM      39      0.00      0.00      1.00      0.00      0.00     99.00
11:40:04 PM      40      0.00      0.00      0.00      0.00      0.00    100.00
11:40:04 PM      41      0.00      0.00      0.00      0.00      0.00    100.00
11:40:04 PM      42      0.00      0.00      0.00      0.00      0.00    100.00
11:40:04 PM      43      0.00      0.00      0.00      0.00      0.00    100.00
11:40:04 PM      44      0.00      0.00      0.00      0.00      0.00    100.00
11:40:04 PM      45      0.00      0.00      0.00      0.00      0.00    100.00
11:40:04 PM      46      0.00      0.00      0.00      0.00      0.00    100.00
11:40:04 PM      47      0.00      0.00      0.00      0.00      0.00    100.00

11:40:04 PM     CPU     %user     %nice   %system   %iowait    %steal     %idle
11:40:05 PM     all      1.85      0.00      0.23      0.08      0.00     97.83
11:40:05 PM       0     89.00      0.00     11.00      0.00      0.00      0.00
11:40:05 PM       1      0.00      0.00      0.00      0.00      0.00    100.00
11:40:05 PM       2      0.00      0.00      0.00      0.00      0.00    100.00
11:40:05 PM       3      0.00      0.00      0.00      0.00      0.00    100.00
11:40:05 PM       4      0.00      0.00      0.00      0.00      0.00    100.00
11:40:05 PM       5      0.00      0.00      0.00      0.00      0.00    100.00
11:40:05 PM       6      0.00      0.00      0.00      0.00      0.00    100.00
11:40:05 PM       7      0.00      0.00      0.00      0.00      0.00    100.00
11:40:05 PM       8      0.00      0.00      0.00      0.00      0.00    100.00
11:40:05 PM       9      0.00      0.00      0.00      0.00      0.00    100.00
11:40:05 PM      10      0.00      0.00      0.00      0.00      0.00    100.00
11:40:05 PM      11      0.00      0.00      0.00      0.00      0.00    100.00
11:40:05 PM      12      0.00      0.00      0.00      0.00      0.00    100.00
11:40:05 PM      13      0.00      0.00      0.00      0.00      0.00    100.00
11:40:05 PM      14      0.00      0.00      0.00      0.00      0.00    100.00
11:40:05 PM      15      0.00      0.00      0.00      0.00      0.00    100.00
11:40:05 PM      16      0.00      0.00      0.00      0.00      0.00    100.00
11:40:05 PM      17      0.00      0.00      0.00      0.00      0.00    100.00
11:40:05 PM      18      0.00      0.00      0.00      0.00      0.00    100.00
11:40:05 PM      19      0.00      0.00      0.00      0.00      0.00    100.00
11:40:05 PM      20      0.00      0.00      0.00      0.00      0.00    100.00
11:40:05 PM      21      0.00      0.00      0.00      0.00      0.00    100.00
11:40:05 PM      22      0.00      0.00      0.00      0.00      0.00    100.00
11:40:05 PM      23      0.00      0.00      0.00      0.00      0.00    100.00
11:40:05 PM      24      0.00      0.00      0.00      0.00      0.00    100.00
11:40:05 PM      25      0.00      0.00      0.00      0.00      0.00    100.00
11:40:05 PM      26      0.00      0.00      0.00      0.00      0.00    100.00
11:40:05 PM      27      0.00      0.00      0.00      0.00      0.00    100.00
11:40:05 PM      28      0.00      0.00      0.00      0.00      0.00    100.00
11:40:05 PM      29      0.00      0.00      0.00      0.00      0.00    100.00
11:40:05 PM      30      0.00      0.00      0.00      0.00      0.00    100.00
11:40:05 PM      31      0.00      0.00      0.00      0.00      0.00    100.00
11:40:05 PM      32      0.00      0.00      0.00      0.00      0.00    100.00
11:40:05 PM      33      0.00      0.00      0.00      0.00      0.00    100.00
11:40:05 PM      34      0.00      0.00      0.00      4.00      0.00     96.00
11:40:05 PM      35      0.00      0.00      0.00      0.00      0.00    100.00
11:40:05 PM      36      0.00      0.00      0.00      0.00      0.00    100.00
11:40:05 PM      37      0.00      0.00      0.00      0.00      0.00    100.00
11:40:05 PM      38      0.00      0.00      0.00      0.00      0.00    100.00
11:40:05 PM      39      0.00      0.00      0.00      0.00      0.00    100.00
11:40:05 PM      40      0.00      0.00      0.00      0.00      0.00    100.00
11:40:05 PM      41      0.00      0.00      0.00      0.00      0.00    100.00
11:40:05 PM      42      0.00      0.00      0.00      0.00      0.00    100.00
11:40:05 PM      43      0.00      0.00      0.00      0.00      0.00    100.00
11:40:05 PM      44      0.00      0.00      0.00      0.00      0.00    100.00
11:40:05 PM      45      0.00      0.00      0.00      0.00      0.00    100.00
11:40:05 PM      46      0.00      0.00      0.00      0.00      0.00    100.00
11:40:05 PM      47      0.00      0.00      0.00      0.00      0.00    100.00

11:40:05 PM     CPU     %user     %nice   %system   %iowait    %steal     %idle
11:40:06 PM     all      1.85      0.00      0.25      0.00      0.00     97.89
11:40:06 PM       0     89.00      0.00     11.00      0.00      0.00      0.00
11:40:06 PM       1      0.00      0.00      0.00      0.00      0.00    100.00
11:40:06 PM       2      0.00      0.00      0.00      0.00      0.00    100.00
11:40:06 PM       3      0.00      0.00      0.00      0.00      0.00    100.00
11:40:06 PM       4      0.00      0.00      0.00      0.00      0.00    100.00
11:40:06 PM       5      0.00      0.00      0.00      0.00      0.00    100.00
11:40:06 PM       6      0.00      0.00      0.00      0.00      0.00    100.00
11:40:06 PM       7      0.00      0.00      0.00      0.00      0.00    100.00
11:40:06 PM       8      0.00      0.00      0.00      0.00      0.00    100.00
11:40:06 PM       9      0.00      0.00      0.00      0.00      0.00    100.00
11:40:06 PM      10      0.00      0.00      0.00      0.00      0.00    100.00
11:40:06 PM      11      0.00      0.00      0.00      0.00      0.00    100.00
11:40:06 PM      12      0.00      0.00      0.00      0.00      0.00    100.00
11:40:06 PM      13      0.00      0.00      0.00      0.00      0.00    100.00
11:40:06 PM      14      0.00      0.00      0.00      0.00      0.00    100.00
11:40:06 PM      15      0.00      0.00      0.00      0.00      0.00    100.00
11:40:06 PM      16      0.00      0.00      0.00      0.00      0.00    100.00
11:40:06 PM      17      0.00      0.00      0.00      0.00      0.00    100.00
11:40:06 PM      18      0.00      0.00      0.00      0.00      0.00    100.00
11:40:06 PM      19      0.00      0.00      0.00      0.00      0.00    100.00
11:40:06 PM      20      0.00      0.00      0.00      0.00      0.00    100.00
11:40:06 PM      21      0.00      0.00      0.00      0.00      0.00    100.00
11:40:06 PM      22      0.00      0.00      0.00      0.00      0.00    100.00
11:40:06 PM      23      0.00      0.00      0.00      0.00      0.00    100.00
11:40:06 PM      24      0.00      0.00      0.00      0.00      0.00    100.00
11:40:06 PM      25      0.00      0.00      0.00      0.00      0.00    100.00
11:40:06 PM      26      0.00      0.00      0.00      0.00      0.00    100.00
11:40:06 PM      27      0.00      0.00      0.00      0.00      0.00    100.00
11:40:06 PM      28      0.00      0.00      0.00      0.00      0.00    100.00
11:40:06 PM      29      0.00      0.00      0.00      0.00      0.00    100.00
11:40:06 PM      30      0.00      0.00      0.00      0.00      0.00    100.00
11:40:06 PM      31      0.00      0.00      0.00      0.00      0.00    100.00
11:40:06 PM      32      0.00      0.00      0.00      0.00      0.00    100.00
11:40:06 PM      33      0.00      0.00      0.00      0.00      0.00    100.00
11:40:06 PM      34      0.00      0.00      0.00      0.00      0.00    100.00
11:40:06 PM      35      0.00      0.00      0.00      0.00      0.00    100.00
11:40:06 PM      36      0.00      0.00      0.00      0.00      0.00    100.00
11:40:06 PM      37      0.00      0.00      0.00      0.00      0.00    100.00
11:40:06 PM      38      0.00      0.00      0.00      0.00      0.00    100.00
11:40:06 PM      39      0.00      0.00      1.00      0.00      0.00     99.00
11:40:06 PM      40      0.00      0.00      0.00      0.00      0.00    100.00
11:40:06 PM      41      0.00      0.00      0.00      0.00      0.00    100.00
11:40:06 PM      42      0.00      0.00      0.00      0.00      0.00    100.00
11:40:06 PM      43      0.00      0.00      0.00      0.00      0.00    100.00
11:40:06 PM      44      0.00      0.00      0.00      0.00      0.00    100.00
11:40:06 PM      45      0.00      0.00      0.00      0.00      0.00    100.00
11:40:06 PM      46      0.00      0.00      0.00      0.00      0.00    100.00
11:40:06 PM      47      0.00      0.00      0.00      0.00      0.00    100.00

11:40:06 PM     CPU     %user     %nice   %system   %iowait    %steal     %idle
11:40:07 PM     all      1.90      0.00      0.21      0.00      0.00     97.90
11:40:07 PM       0     91.00      0.00      9.00      0.00      0.00      0.00
11:40:07 PM       1      0.00      0.00      0.00      0.00      0.00    100.00
11:40:07 PM       2      0.00      0.00      0.00      0.00      0.00    100.00
11:40:07 PM       3      0.00      0.00      0.00      0.00      0.00    100.00
11:40:07 PM       4      0.00      0.00      0.00      0.00      0.00    100.00
11:40:07 PM       5      0.00      0.00      0.00      0.00      0.00    100.00
11:40:07 PM       6      0.00      0.00      0.00      0.00      0.00    100.00
11:40:07 PM       7      0.00      0.00      0.00      0.00      0.00    100.00
11:40:07 PM       8      0.00      0.00      0.00      0.00      0.00    100.00
11:40:07 PM       9      0.00      0.00      0.00      0.00      0.00    100.00
11:40:07 PM      10      0.00      0.00      0.00      0.00      0.00    100.00
11:40:07 PM      11      0.00      0.00      0.00      0.00      0.00    100.00
11:40:07 PM      12      0.00      0.00      0.00      0.00      0.00    100.00
11:40:07 PM      13      0.00      0.00      0.00      0.00      0.00    100.00
11:40:07 PM      14      0.00      0.00      0.00      0.00      0.00    100.00
11:40:07 PM      15      0.00      0.00      0.00      0.00      0.00    100.00
11:40:07 PM      16      0.00      0.00      0.00      0.00      0.00    100.00
11:40:07 PM      17      0.00      0.00      0.00      0.00      0.00    100.00
11:40:07 PM      18      0.00      0.00      0.00      0.00      0.00    100.00
11:40:07 PM      19      0.00      0.00      0.00      0.00      0.00    100.00
11:40:07 PM      20      0.00      0.00      0.00      0.00      0.00    100.00
11:40:07 PM      21      0.00      0.00      0.00      0.00      0.00    100.00
11:40:07 PM      22      0.00      0.00      0.00      0.00      0.00    100.00
11:40:07 PM      23      0.00      0.00      0.00      0.00      0.00    100.00
11:40:07 PM      24      0.00      0.00      0.00      0.00      0.00    100.00
11:40:07 PM      25      0.00      0.00      0.00      0.00      0.00    100.00
11:40:07 PM      26      0.00      0.00      0.00      0.00      0.00    100.00
11:40:07 PM      27      0.00      0.00      0.00      0.00      0.00    100.00
11:40:07 PM      28      0.00      0.00      0.00      0.00      0.00    100.00
11:40:07 PM      29      0.00      0.00      0.00      0.00      0.00    100.00
11:40:07 PM      30      0.00      0.00      0.00      0.00      0.00    100.00
11:40:07 PM      31      0.00      0.00      0.00      0.00      0.00    100.00
11:40:07 PM      32      0.00      0.00      0.00      0.00      0.00    100.00
11:40:07 PM      33      0.00      0.00      0.00      0.00      0.00    100.00
11:40:07 PM      34      0.00      0.00      0.00      0.00      0.00    100.00
11:40:07 PM      35      0.00      0.00      0.00      0.00      0.00    100.00
11:40:07 PM      36      0.00      0.00      0.00      0.00      0.00    100.00
11:40:07 PM      37      0.00      0.00      0.00      0.00      0.00    100.00
11:40:07 PM      38      0.00      0.00      0.00      0.00      0.00    100.00
11:40:07 PM      39      0.00      0.00      0.00      0.00      0.00    100.00
11:40:07 PM      40      0.00      0.00      0.00      0.00      0.00    100.00
11:40:07 PM      41      0.00      0.00      0.00      0.00      0.00    100.00
11:40:07 PM      42      0.00      0.00      0.00      0.00      0.00    100.00
11:40:07 PM      43      0.00      0.00      0.00      0.00      0.00    100.00
11:40:07 PM      44      0.00      0.00      0.00      0.00      0.00    100.00
11:40:07 PM      45      0.00      0.00      0.00      0.00      0.00    100.00
11:40:07 PM      46      0.00      0.00      0.00      0.00      0.00    100.00
11:40:07 PM      47      0.00      0.00      0.00      0.00      0.00    100.00

11:40:07 PM     CPU     %user     %nice   %system   %iowait    %steal     %idle
11:40:08 PM     all      1.90      0.00      0.19      0.00      0.00     97.92
11:40:08 PM       0     91.00      0.00      9.00      0.00      0.00      0.00
11:40:08 PM       1      0.00      0.00      0.00      0.00      0.00    100.00
11:40:08 PM       2      0.00      0.00      0.00      0.00      0.00    100.00
11:40:08 PM       3      0.00      0.00      0.00      0.00      0.00    100.00
11:40:08 PM       4      0.00      0.00      0.00      0.00      0.00    100.00
11:40:08 PM       5      0.00      0.00      0.00      0.00      0.00    100.00
11:40:08 PM       6      0.00      0.00      0.00      0.00      0.00    100.00
11:40:08 PM       7      0.00      0.00      0.00      0.00      0.00    100.00
11:40:08 PM       8      0.00      0.00      0.00      0.00      0.00    100.00
11:40:08 PM       9      0.00      0.00      0.00      0.00      0.00    100.00
11:40:08 PM      10      0.00      0.00      0.00      0.00      0.00    100.00
11:40:08 PM      11      0.00      0.00      0.00      0.00      0.00    100.00
11:40:08 PM      12      0.00      0.00      0.00      0.00      0.00    100.00
11:40:08 PM      13      0.00      0.00      0.00      0.00      0.00    100.00
11:40:08 PM      14      0.00      0.00      0.00      0.00      0.00    100.00
11:40:08 PM      15      0.00      0.00      0.00      0.00      0.00    100.00
11:40:08 PM      16      0.00      0.00      0.00      0.00      0.00    100.00
11:40:08 PM      17      0.00      0.00      0.00      0.00      0.00    100.00
11:40:08 PM      18      0.00      0.00      0.00      0.00      0.00    100.00
11:40:08 PM      19      0.00      0.00      0.00      0.00      0.00    100.00
11:40:08 PM      20      0.00      0.00      0.00      0.00      0.00    100.00
11:40:08 PM      21      0.00      0.00      0.00      0.00      0.00    100.00
11:40:08 PM      22      0.00      0.00      0.00      0.00      0.00    100.00
11:40:08 PM      23      0.00      0.00      0.00      0.00      0.00    100.00
11:40:08 PM      24      0.00      0.00      0.00      0.00      0.00    100.00
11:40:08 PM      25      0.00      0.00      0.00      0.00      0.00    100.00
11:40:08 PM      26      0.00      0.00      0.00      0.00      0.00    100.00
11:40:08 PM      27      0.00      0.00      0.00      0.00      0.00    100.00
11:40:08 PM      28      0.00      0.00      0.00      0.00      0.00    100.00
11:40:08 PM      29      0.00      0.00      0.00      0.00      0.00    100.00
11:40:08 PM      30      0.00      0.00      0.00      0.00      0.00    100.00
11:40:08 PM      31      0.00      0.00      0.00      0.00      0.00    100.00
11:40:08 PM      32      0.00      0.00      0.00      0.00      0.00    100.00
11:40:08 PM      33      0.00      0.00      0.00      0.00      0.00    100.00
11:40:08 PM      34      0.00      0.00      0.00      0.00      0.00    100.00
11:40:08 PM      35      0.00      0.00      0.00      0.00      0.00    100.00
11:40:08 PM      36      0.00      0.00      0.00      0.00      0.00    100.00
11:40:08 PM      37      0.00      0.00      0.00      0.00      0.00    100.00
11:40:08 PM      38      0.00      0.00      0.00      0.00      0.00    100.00
11:40:08 PM      39      0.00      0.00      1.00      0.00      0.00     99.00
11:40:08 PM      40      0.00      0.00      0.00      0.00      0.00    100.00
11:40:08 PM      41      0.00      0.00      0.00      0.00      0.00    100.00
11:40:08 PM      42      0.00      0.00      0.00      0.00      0.00    100.00
11:40:08 PM      43      0.00      0.00      0.00      0.00      0.00    100.00
11:40:08 PM      44      0.00      0.00      0.00      0.00      0.00    100.00
11:40:08 PM      45      0.00      0.00      0.00      0.00      0.00    100.00
11:40:08 PM      46      0.00      0.00      0.00      0.00      0.00    100.00
11:40:08 PM      47      0.00      0.00      0.00      0.00      0.00    100.00

11:40:08 PM     CPU     %user     %nice   %system   %iowait    %steal     %idle
11:40:09 PM     all      1.85      0.00      0.25      0.00      0.00     97.90
11:40:09 PM       0     89.00      0.00     11.00      0.00      0.00      0.00
11:40:09 PM       1      0.00      0.00      0.00      0.00      0.00    100.00
11:40:09 PM       2      0.00      0.00      0.00      0.00      0.00    100.00
11:40:09 PM       3      0.00      0.00      0.00      0.00      0.00    100.00
11:40:09 PM       4      0.00      0.00      0.00      0.00      0.00    100.00
11:40:09 PM       5      0.00      0.00      0.00      0.00      0.00    100.00
11:40:09 PM       6      0.00      0.00      0.00      0.00      0.00    100.00
11:40:09 PM       7      0.00      0.00      0.00      0.00      0.00    100.00
11:40:09 PM       8      0.00      0.00      0.00      0.00      0.00    100.00
11:40:09 PM       9      0.00      0.00      0.00      0.00      0.00    100.00
11:40:09 PM      10      0.00      0.00      0.00      0.00      0.00    100.00
11:40:09 PM      11      0.00      0.00      0.00      0.00      0.00    100.00
11:40:09 PM      12      0.00      0.00      0.00      0.00      0.00    100.00
11:40:09 PM      13      0.00      0.00      0.00      0.00      0.00    100.00
11:40:09 PM      14      0.00      0.00      0.00      0.00      0.00    100.00
11:40:09 PM      15      0.00      0.00      0.00      0.00      0.00    100.00
11:40:09 PM      16      0.00      0.00      0.00      0.00      0.00    100.00
11:40:09 PM      17      0.00      0.00      0.00      0.00      0.00    100.00
11:40:09 PM      18      0.00      0.00      0.00      0.00      0.00    100.00
11:40:09 PM      19      0.00      0.00      0.00      0.00      0.00    100.00
11:40:09 PM      20      0.00      0.00      0.00      0.00      0.00    100.00
11:40:09 PM      21      0.00      0.00      0.00      0.00      0.00    100.00
11:40:09 PM      22      0.00      0.00      0.00      0.00      0.00    100.00
11:40:09 PM      23      0.00      0.00      0.00      0.00      0.00    100.00
11:40:09 PM      24      0.00      0.00      0.00      0.00      0.00    100.00
11:40:09 PM      25      0.00      0.00      0.00      0.00      0.00    100.00
11:40:09 PM      26      0.00      0.00      0.00      0.00      0.00    100.00
11:40:09 PM      27      0.00      0.00      0.00      0.00      0.00    100.00
11:40:09 PM      28      0.00      0.00      0.00      0.00      0.00    100.00
11:40:09 PM      29      0.00      0.00      0.00      0.00      0.00    100.00
11:40:09 PM      30      0.00      0.00      0.00      0.00      0.00    100.00
11:40:09 PM      31      0.00      0.00      0.00      0.00      0.00    100.00
11:40:09 PM      32      0.00      0.00      0.00      0.00      0.00    100.00
11:40:09 PM      33      0.00      0.00      0.00      0.00      0.00    100.00
11:40:09 PM      34      0.00      0.00      0.00      0.00      0.00    100.00
11:40:09 PM      35      0.00      0.00      0.00      0.00      0.00    100.00
11:40:09 PM      36      0.00      0.00      0.00      0.00      0.00    100.00
11:40:09 PM      37      0.00      0.00      0.00      0.00      0.00    100.00
11:40:09 PM      38      0.00      0.00      0.00      0.00      0.00    100.00
11:40:09 PM      39      0.00      0.00      1.00      0.00      0.00     99.00
11:40:09 PM      40      0.00      0.00      0.00      0.00      0.00    100.00
11:40:09 PM      41      0.00      0.00      0.00      0.00      0.00    100.00
11:40:09 PM      42      0.00      0.00      0.00      0.00      0.00    100.00
11:40:09 PM      43      0.00      0.00      0.00      0.00      0.00    100.00
11:40:09 PM      44      0.00      0.00      0.00      0.00      0.00    100.00
11:40:09 PM      45      0.00      0.00      0.00      0.00      0.00    100.00
11:40:09 PM      46      0.00      0.00      0.00      0.00      0.00    100.00
11:40:09 PM      47      0.00      0.00      0.00      0.00      0.00    100.00

11:40:09 PM     CPU     %user     %nice   %system   %iowait    %steal     %idle
11:40:10 PM     all      1.90      0.00      0.21      0.06      0.00     97.83
11:40:10 PM       0     91.00      0.00      9.00      0.00      0.00      0.00
11:40:10 PM       1      0.00      0.00      0.00      0.00      0.00    100.00
11:40:10 PM       2      0.00      0.00      0.00      0.00      0.00    100.00
11:40:10 PM       3      0.00      0.00      0.00      0.00      0.00    100.00
11:40:10 PM       4      0.00      0.00      0.00      0.00      0.00    100.00
11:40:10 PM       5      0.00      0.00      0.00      0.00      0.00    100.00
11:40:10 PM       6      0.00      0.00      0.00      0.00      0.00    100.00
11:40:10 PM       7      0.00      0.00      0.00      0.00      0.00    100.00
11:40:10 PM       8      0.00      0.00      0.00      0.00      0.00    100.00
11:40:10 PM       9      0.00      0.00      0.00      0.00      0.00    100.00
11:40:10 PM      10      0.00      0.00      0.00      0.00      0.00    100.00
11:40:10 PM      11      0.00      0.00      0.00      0.00      0.00    100.00
11:40:10 PM      12      0.00      0.00      0.00      0.00      0.00    100.00
11:40:10 PM      13      0.00      0.00      0.00      0.00      0.00    100.00
11:40:10 PM      14      0.00      0.00      0.00      0.00      0.00    100.00
11:40:10 PM      15      0.00      0.00      0.00      0.00      0.00    100.00
11:40:10 PM      16      0.00      0.00      0.00      0.00      0.00    100.00
11:40:10 PM      17      0.00      0.00      0.00      0.00      0.00    100.00
11:40:10 PM      18      0.00      0.00      0.00      0.00      0.00    100.00
11:40:10 PM      19      0.00      0.00      0.00      0.00      0.00    100.00
11:40:10 PM      20      0.00      0.00      0.00      0.00      0.00    100.00
11:40:10 PM      21      0.00      0.00      0.00      0.00      0.00    100.00
11:40:10 PM      22      0.00      0.00      0.00      0.00      0.00    100.00
11:40:10 PM      23      0.00      0.00      0.00      0.00      0.00    100.00
11:40:10 PM      24      0.00      0.00      0.00      0.00      0.00    100.00
11:40:10 PM      25      0.00      0.00      0.00      0.00      0.00    100.00
11:40:10 PM      26      0.00      0.00      0.00      0.00      0.00    100.00
11:40:10 PM      27      0.00      0.00      0.00      0.00      0.00    100.00
11:40:10 PM      28      0.00      0.00      0.00      0.00      0.00    100.00
11:40:10 PM      29      0.00      0.00      0.00      0.00      0.00    100.00
11:40:10 PM      30      0.00      0.00      0.00      0.00      0.00    100.00
11:40:10 PM      31      0.00      0.00      0.00      0.00      0.00    100.00
11:40:10 PM      32      0.00      0.00      0.00      0.00      0.00    100.00
11:40:10 PM      33      0.00      0.00      0.00      0.00      0.00    100.00
11:40:10 PM      34      0.00      0.00      0.00      3.96      0.00     96.04
11:40:10 PM      35      0.00      0.00      0.00      0.00      0.00    100.00
11:40:10 PM      36      0.00      0.00      0.00      0.00      0.00    100.00
11:40:10 PM      37      0.00      0.00      0.00      0.00      0.00    100.00
11:40:10 PM      38      0.00      0.00      0.00      0.00      0.00    100.00
11:40:10 PM      39      0.00      0.00      0.00      0.00      0.00    100.00
11:40:10 PM      40      0.00      0.00      0.00      0.00      0.00    100.00
11:40:10 PM      41      0.00      0.00      0.00      0.00      0.00    100.00
11:40:10 PM      42      0.00      0.00      0.00      0.00      0.00    100.00
11:40:10 PM      43      0.00      0.00      0.00      0.00      0.00    100.00
11:40:10 PM      44      0.00      0.00      0.00      0.00      0.00    100.00
11:40:10 PM      45      0.00      0.00      0.00      0.00      0.00    100.00
11:40:10 PM      46      0.00      0.00      0.00      0.00      0.00    100.00
11:40:10 PM      47      0.00      0.00      0.00      0.00      0.00    100.00

11:40:10 PM     CPU     %user     %nice   %system   %iowait    %steal     %idle
11:40:11 PM     all      1.88      0.00      0.25      0.00      0.00     97.87
11:40:11 PM       0     89.00      0.00     11.00      0.00      0.00      0.00
11:40:11 PM       1      0.00      0.00      0.00      0.00      0.00    100.00
11:40:11 PM       2      0.00      0.00      0.00      0.00      0.00    100.00
11:40:11 PM       3      0.00      0.00      0.00      0.00      0.00    100.00
11:40:11 PM       4      0.00      0.00      0.00      0.00      0.00    100.00
11:40:11 PM       5      0.00      0.00      0.00      0.00      0.00    100.00
11:40:11 PM       6      0.00      0.00      0.00      0.00      0.00    100.00
11:40:11 PM       7      0.00      0.00      0.00      0.00      0.00    100.00
11:40:11 PM       8      0.00      0.00      0.00      0.00      0.00    100.00
11:40:11 PM       9      0.00      0.00      0.00      0.00      0.00    100.00
11:40:11 PM      10      0.00      0.00      0.00      0.00      0.00    100.00
11:40:11 PM      11      0.00      0.00      0.00      0.00      0.00    100.00
11:40:11 PM      12      0.00      0.00      0.00      0.00      0.00    100.00
11:40:11 PM      13      0.00      0.00      0.00      0.00      0.00    100.00
11:40:11 PM      14      0.00      0.00      0.00      0.00      0.00    100.00
11:40:11 PM      15      0.00      0.00      0.00      0.00      0.00    100.00
11:40:11 PM      16      0.00      0.00      0.00      0.00      0.00    100.00
11:40:11 PM      17      0.00      0.00      0.00      0.00      0.00    100.00
11:40:11 PM      18      0.00      0.00      0.00      0.00      0.00    100.00
11:40:11 PM      19      0.00      0.00      0.00      0.00      0.00    100.00
11:40:11 PM      20      0.00      0.00      0.00      0.00      0.00    100.00
11:40:11 PM      21      0.00      0.00      0.00      0.00      0.00    100.00
11:40:11 PM      22      0.00      0.00      0.00      0.00      0.00    100.00
11:40:11 PM      23      0.00      0.00      0.00      0.00      0.00    100.00
11:40:11 PM      24      0.00      0.00      0.00      0.00      0.00    100.00
11:40:11 PM      25      0.00      0.00      0.00      0.00      0.00    100.00
11:40:11 PM      26      0.00      0.00      0.00      0.00      0.00    100.00
11:40:11 PM      27      0.00      0.00      0.00      0.00      0.00    100.00
11:40:11 PM      28      0.00      0.00      0.00      0.00      0.00    100.00
11:40:11 PM      29      0.00      0.00      0.00      0.00      0.00    100.00
11:40:11 PM      30      0.00      0.00      0.00      0.00      0.00    100.00
11:40:11 PM      31      0.00      0.00      0.00      0.00      0.00    100.00
11:40:11 PM      32      0.00      0.00      0.00      0.00      0.00    100.00
11:40:11 PM      33      0.00      0.00      0.00      0.00      0.00    100.00
11:40:11 PM      34      0.00      0.00      0.00      0.00      0.00    100.00
11:40:11 PM      35      0.00      0.00      0.00      0.00      0.00    100.00
11:40:11 PM      36      0.00      0.00      0.00      0.00      0.00    100.00
11:40:11 PM      37      0.00      0.00      0.00      0.00      0.00    100.00
11:40:11 PM      38      0.00      0.00      0.00      0.00      0.00    100.00
11:40:11 PM      39      0.00      0.00      1.00      0.00      0.00     99.00
11:40:11 PM      40      0.00      0.00      0.00      0.00      0.00    100.00
11:40:11 PM      41      0.00      0.00      0.00      0.00      0.00    100.00
11:40:11 PM      42      0.00      0.00      0.00      0.00      0.00    100.00
11:40:11 PM      43      0.00      0.00      0.00      0.00      0.00    100.00
11:40:11 PM      44      0.00      0.00      0.00      0.00      0.00    100.00
11:40:11 PM      45      0.00      0.00      0.00      0.00      0.00    100.00
11:40:11 PM      46      0.00      0.00      0.00      0.00      0.00    100.00
11:40:11 PM      47      0.00      0.00      0.00      0.00      0.00    100.00

11:40:11 PM     CPU     %user     %nice   %system   %iowait    %steal     %idle
11:40:12 PM     all      2.00      0.00      0.08      0.00      0.00     97.92
11:40:12 PM       0     97.00      0.00      3.00      0.00      0.00      0.00
11:40:12 PM       1      0.00      0.00      0.00      0.00      0.00    100.00
11:40:12 PM       2      0.00      0.00      0.00      0.00      0.00    100.00
11:40:12 PM       3      0.00      0.00      0.00      0.00      0.00    100.00
11:40:12 PM       4      0.00      0.00      0.00      0.00      0.00    100.00
11:40:12 PM       5      0.00      0.00      0.00      0.00      0.00    100.00
11:40:12 PM       6      0.00      0.00      0.00      0.00      0.00    100.00
11:40:12 PM       7      0.00      0.00      0.00      0.00      0.00    100.00
11:40:12 PM       8      0.00      0.00      0.00      0.00      0.00    100.00
11:40:12 PM       9      0.00      0.00      0.00      0.00      0.00    100.00
11:40:12 PM      10      0.00      0.00      0.00      0.00      0.00    100.00
11:40:12 PM      11      0.00      0.00      0.00      0.00      0.00    100.00
11:40:12 PM      12      0.00      0.00      0.00      0.00      0.00    100.00
11:40:12 PM      13      0.00      0.00      0.00      0.00      0.00    100.00
11:40:12 PM      14      0.00      0.00      0.00      0.00      0.00    100.00
11:40:12 PM      15      0.00      0.00      0.00      0.00      0.00    100.00
11:40:12 PM      16      0.00      0.00      0.00      0.00      0.00    100.00
11:40:12 PM      17      0.00      0.00      0.00      0.00      0.00    100.00
11:40:12 PM      18      0.00      0.00      0.00      0.00      0.00    100.00
11:40:12 PM      19      0.00      0.00      0.00      0.00      0.00    100.00
11:40:12 PM      20      0.00      0.00      0.00      0.00      0.00    100.00
11:40:12 PM      21      0.00      0.00      0.00      0.00      0.00    100.00
11:40:12 PM      22      0.00      0.00      0.00      0.00      0.00    100.00
11:40:12 PM      23      0.00      0.00      0.00      0.00      0.00    100.00
11:40:12 PM      24      0.00      0.00      0.00      0.00      0.00    100.00
11:40:12 PM      25      0.00      0.00      0.00      0.00      0.00    100.00
11:40:12 PM      26      0.00      0.00      0.00      0.00      0.00    100.00
11:40:12 PM      27      0.00      0.00      0.00      0.00      0.00    100.00
11:40:12 PM      28      0.00      0.00      0.00      0.00      0.00    100.00
11:40:12 PM      29      0.00      0.00      0.00      0.00      0.00    100.00
11:40:12 PM      30      0.00      0.00      0.00      0.00      0.00    100.00
11:40:12 PM      31      0.00      0.00      0.00      0.00      0.00    100.00
11:40:12 PM      32      0.00      0.00      0.00      0.00      0.00    100.00
11:40:12 PM      33      0.00      0.00      0.00      0.00      0.00    100.00
11:40:12 PM      34      0.00      0.00      0.00      0.00      0.00    100.00
11:40:12 PM      35      0.00      0.00      0.00      0.00      0.00    100.00
11:40:12 PM      36      0.00      0.00      0.00      0.00      0.00    100.00
11:40:12 PM      37      0.00      0.00      0.00      0.00      0.00    100.00
11:40:12 PM      38      0.00      0.00      0.00      0.00      0.00    100.00
11:40:12 PM      39      0.00      0.00      0.00      0.00      0.00    100.00
11:40:12 PM      40      0.00      0.00      0.00      0.00      0.00    100.00
11:40:12 PM      41      0.00      0.00      0.00      0.00      0.00    100.00
11:40:12 PM      42      0.00      0.00      0.00      0.00      0.00    100.00
11:40:12 PM      43      0.00      0.00      0.00      0.00      0.00    100.00
11:40:12 PM      44      0.00      0.00      0.00      0.00      0.00    100.00
11:40:12 PM      45      0.00      0.00      0.00      0.00      0.00    100.00
11:40:12 PM      46      0.00      0.00      0.00      0.00      0.00    100.00
11:40:12 PM      47      0.00      0.00      0.00      0.00      0.00    100.00

11:40:12 PM     CPU     %user     %nice   %system   %iowait    %steal     %idle
11:40:13 PM     all      2.08      0.00      0.02      0.00      0.00     97.90
11:40:13 PM       0    100.00      0.00      0.00      0.00      0.00      0.00
11:40:13 PM       1      0.00      0.00      0.00      0.00      0.00    100.00
11:40:13 PM       2      0.00      0.00      0.00      0.00      0.00    100.00
11:40:13 PM       3      0.00      0.00      0.00      0.00      0.00    100.00
11:40:13 PM       4      0.00      0.00      0.00      0.00      0.00    100.00
11:40:13 PM       5      0.00      0.00      0.00      0.00      0.00    100.00
11:40:13 PM       6      0.00      0.00      0.00      0.00      0.00    100.00
11:40:13 PM       7      0.00      0.00      0.00      0.00      0.00    100.00
11:40:13 PM       8      0.00      0.00      0.00      0.00      0.00    100.00
11:40:13 PM       9      0.00      0.00      0.00      0.00      0.00    100.00
11:40:13 PM      10      0.00      0.00      0.00      0.00      0.00    100.00
11:40:13 PM      11      0.00      0.00      0.00      0.00      0.00    100.00
11:40:13 PM      12      0.00      0.00      0.00      0.00      0.00    100.00
11:40:13 PM      13      0.00      0.00      0.00      0.00      0.00    100.00
11:40:13 PM      14      0.00      0.00      0.00      0.00      0.00    100.00
11:40:13 PM      15      0.00      0.00      0.00      0.00      0.00    100.00
11:40:13 PM      16      0.00      0.00      0.00      0.00      0.00    100.00
11:40:13 PM      17      0.00      0.00      0.00      0.00      0.00    100.00
11:40:13 PM      18      0.00      0.00      0.00      0.00      0.00    100.00
11:40:13 PM      19      0.00      0.00      0.00      0.00      0.00    100.00
11:40:13 PM      20      0.00      0.00      0.00      0.00      0.00    100.00
11:40:13 PM      21      0.00      0.00      0.00      0.00      0.00    100.00
11:40:13 PM      22      0.00      0.00      0.00      0.00      0.00    100.00
11:40:13 PM      23      0.00      0.00      0.00      0.00      0.00    100.00
11:40:13 PM      24      0.00      0.00      0.00      0.00      0.00    100.00
11:40:13 PM      25      0.00      0.00      0.00      0.00      0.00    100.00
11:40:13 PM      26      0.00      0.00      0.00      0.00      0.00    100.00
11:40:13 PM      27      0.00      0.00      0.00      0.00      0.00    100.00
11:40:13 PM      28      0.00      0.00      0.00      0.00      0.00    100.00
11:40:13 PM      29      0.00      0.00      0.00      0.00      0.00    100.00
11:40:13 PM      30      0.00      0.00      0.00      0.00      0.00    100.00
11:40:13 PM      31      0.00      0.00      0.00      0.00      0.00    100.00
11:40:13 PM      32      0.00      0.00      0.00      0.00      0.00    100.00
11:40:13 PM      33      0.00      0.00      0.00      0.00      0.00    100.00
11:40:13 PM      34      0.00      0.00      0.00      0.00      0.00    100.00
11:40:13 PM      35      0.00      0.00      0.00      0.00      0.00    100.00
11:40:13 PM      36      0.00      0.00      0.00      0.00      0.00    100.00
11:40:13 PM      37      0.00      0.00      0.00      0.00      0.00    100.00
11:40:13 PM      38      0.00      0.00      0.00      0.00      0.00    100.00
11:40:13 PM      39      0.00      0.00      1.00      0.00      0.00     99.00
11:40:13 PM      40      0.00      0.00      0.00      0.00      0.00    100.00
11:40:13 PM      41      0.00      0.00      0.00      0.00      0.00    100.00
11:40:13 PM      42      0.00      0.00      0.00      0.00      0.00    100.00
11:40:13 PM      43      0.00      0.00      0.00      0.00      0.00    100.00
11:40:13 PM      44      0.00      0.00      0.00      0.00      0.00    100.00
11:40:13 PM      45      0.00      0.00      0.00      0.00      0.00    100.00
11:40:13 PM      46      0.00      0.00      0.00      0.00      0.00    100.00
11:40:13 PM      47      0.00      0.00      0.00      0.00      0.00    100.00

11:40:13 PM     CPU     %user     %nice   %system   %iowait    %steal     %idle
11:40:14 PM     all      2.08      0.00      0.02      0.00      0.00     97.90
11:40:14 PM       0    100.00      0.00      0.00      0.00      0.00      0.00
11:40:14 PM       1      0.00      0.00      0.00      0.00      0.00    100.00
11:40:14 PM       2      0.00      0.00      0.00      0.00      0.00    100.00
11:40:14 PM       3      0.00      0.00      0.00      0.00      0.00    100.00
11:40:14 PM       4      0.00      0.00      0.00      0.00      0.00    100.00
11:40:14 PM       5      0.00      0.00      0.00      0.00      0.00    100.00
11:40:14 PM       6      0.00      0.00      0.00      0.00      0.00    100.00
11:40:14 PM       7      0.00      0.00      0.00      0.00      0.00    100.00
11:40:14 PM       8      0.00      0.00      0.00      0.00      0.00    100.00
11:40:14 PM       9      0.00      0.00      0.00      0.00      0.00    100.00
11:40:14 PM      10      0.00      0.00      0.00      0.00      0.00    100.00
11:40:14 PM      11      0.00      0.00      0.00      0.00      0.00    100.00
11:40:14 PM      12      0.00      0.00      0.00      0.00      0.00    100.00
11:40:14 PM      13      0.00      0.00      0.00      0.00      0.00    100.00
11:40:14 PM      14      0.00      0.00      0.00      0.00      0.00    100.00
11:40:14 PM      15      0.00      0.00      0.00      0.00      0.00    100.00
11:40:14 PM      16      0.00      0.00      0.00      0.00      0.00    100.00
11:40:14 PM      17      0.00      0.00      0.00      0.00      0.00    100.00
11:40:14 PM      18      0.00      0.00      0.00      0.00      0.00    100.00
11:40:14 PM      19      0.00      0.00      0.00      0.00      0.00    100.00
11:40:14 PM      20      0.00      0.00      0.00      0.00      0.00    100.00
11:40:14 PM      21      0.00      0.00      0.00      0.00      0.00    100.00
11:40:14 PM      22      0.00      0.00      0.00      0.00      0.00    100.00
11:40:14 PM      23      0.00      0.00      0.00      0.00      0.00    100.00
11:40:14 PM      24      0.00      0.00      0.00      0.00      0.00    100.00
11:40:14 PM      25      0.00      0.00      0.00      0.00      0.00    100.00
11:40:14 PM      26      0.00      0.00      0.00      0.00      0.00    100.00
11:40:14 PM      27      0.00      0.00      0.00      0.00      0.00    100.00
11:40:14 PM      28      0.00      0.00      0.00      0.00      0.00    100.00
11:40:14 PM      29      0.00      0.00      0.00      0.00      0.00    100.00
11:40:14 PM      30      0.00      0.00      0.00      0.00      0.00    100.00
11:40:14 PM      31      0.00      0.00      0.00      0.00      0.00    100.00
11:40:14 PM      32      0.00      0.00      0.00      0.00      0.00    100.00
11:40:14 PM      33      0.00      0.00      0.00      0.00      0.00    100.00
11:40:14 PM      34      0.00      0.00      0.00      0.00      0.00    100.00
11:40:14 PM      35      0.00      0.00      0.00      0.00      0.00    100.00
11:40:14 PM      36      0.00      0.00      0.00      0.00      0.00    100.00
11:40:14 PM      37      0.00      0.00      0.00      0.00      0.00    100.00
11:40:14 PM      38      0.00      0.00      0.00      0.00      0.00    100.00
11:40:14 PM      39      0.00      0.00      0.00      0.00      0.00    100.00
11:40:14 PM      40      0.00      0.00      0.00      0.00      0.00    100.00
11:40:14 PM      41      0.00      0.00      0.00      0.00      0.00    100.00
11:40:14 PM      42      0.00      0.00      0.00      0.00      0.00    100.00
11:40:14 PM      43      0.00      0.00      0.00      0.00      0.00    100.00
11:40:14 PM      44      0.00      0.00      0.00      0.00      0.00    100.00
11:40:14 PM      45      0.00      0.00      0.00      0.00      0.00    100.00
11:40:14 PM      46      0.00      0.00      0.00      0.00      0.00    100.00
11:40:14 PM      47      0.00      0.00      0.00      0.00      0.00    100.00

Average:        CPU     %user     %nice   %system   %iowait    %steal     %idle
Average:        all      1.95      0.00      0.19      0.01      0.00     97.85
Average:          0     92.87      0.00      7.13      0.00      0.00      0.00
Average:          1      0.00      0.00      0.00      0.00      0.00    100.00
Average:          2      0.07      0.00      0.00      0.00      0.00     99.93
Average:          3      0.00      0.00      0.07      0.00      0.00     99.93
Average:          4      0.07      0.00      0.00      0.00      0.00     99.93
Average:          5      0.00      0.00      0.00      0.00      0.00    100.00
Average:          6      0.00      0.00      0.00      0.00      0.00    100.00
Average:          7      0.07      0.00      0.07      0.00      0.00     99.87
Average:          8      0.07      0.00      0.07      0.00      0.00     99.87
Average:          9      0.00      0.00      0.00      0.00      0.00    100.00
Average:         10      0.00      0.00      0.00      0.00      0.00    100.00
Average:         11      0.00      0.00      0.00      0.00      0.00    100.00
Average:         12      0.00      0.00      0.00      0.00      0.00    100.00
Average:         13      0.00      0.00      0.00      0.00      0.00    100.00
Average:         14      0.00      0.00      0.07      0.00      0.00     99.93
Average:         15      0.07      0.00      0.13      0.00      0.00     99.80
Average:         16      0.00      0.00      0.00      0.00      0.00    100.00
Average:         17      0.00      0.00      0.00      0.00      0.00    100.00
Average:         18      0.00      0.00      0.00      0.00      0.00    100.00
Average:         19      0.00      0.00      0.07      0.00      0.00     99.93
Average:         20      0.00      0.00      0.00      0.00      0.00    100.00
Average:         21      0.00      0.00      0.00      0.00      0.00    100.00
Average:         22      0.00      0.00      0.00      0.00      0.00    100.00
Average:         23      0.00      0.00      0.00      0.00      0.00    100.00
Average:         24      0.00      0.00      0.00      0.00      0.00    100.00
Average:         25      0.00      0.00      0.00      0.00      0.00    100.00
Average:         26      0.00      0.00      0.27      0.00      0.00     99.73
Average:         27      0.00      0.00      0.00      0.00      0.00    100.00
Average:         28      0.07      0.00      0.00      0.00      0.00     99.93
Average:         29      0.00      0.00      0.00      0.00      0.00    100.00
Average:         30      0.00      0.00      0.00      0.00      0.00    100.00
Average:         31      0.07      0.00      0.00      0.00      0.00     99.93
Average:         32      0.00      0.00      0.00      0.00      0.00    100.00
Average:         33      0.00      0.00      0.07      0.00      0.00     99.93
Average:         34      0.00      0.00      0.00      0.53      0.00     99.47
Average:         35      0.00      0.00      0.00      0.00      0.00    100.00
Average:         36      0.00      0.00      0.00      0.00      0.00    100.00
Average:         37      0.07      0.00      0.13      0.00      0.00     99.80
Average:         38      0.07      0.00      0.20      0.00      0.00     99.73
Average:         39      0.00      0.00      0.53      0.00      0.00     99.47
Average:         40      0.00      0.00      0.07      0.00      0.00     99.93
Average:         41      0.00      0.00      0.07      0.00      0.00     99.93
Average:         42      0.00      0.00      0.00      0.00      0.00    100.00
Average:         43      0.00      0.00      0.00      0.00      0.00    100.00
Average:         44      0.00      0.00      0.20      0.00      0.00     99.80
Average:         45      0.00      0.00      0.00      0.00      0.00    100.00
Average:         46      0.00      0.00      0.00      0.00      0.00    100.00
Average:         47      0.00      0.00      0.00      0.00      0.00    100.00
