Linux 3.10.0-514.el7.x86_64 (localhost.localdomain) 	04/05/2020 	_x86_64_	(48 CPU)

06:35:16 AM     CPU     %user     %nice   %system   %iowait    %steal     %idle
06:35:17 AM       0      0.00      0.00      0.00      0.00      0.00    100.00
06:35:18 AM       0     17.00      0.00      8.00      0.00      0.00     75.00
06:35:19 AM       0     90.10      0.00      9.90      0.00      0.00      0.00
06:35:20 AM       0      7.29      0.00     68.75      0.00      0.00     23.96
06:35:21 AM       0     10.00      0.00     79.00      0.00      0.00     11.00
06:35:22 AM       0      7.92      0.00     80.20      0.00      0.00     11.88
06:35:23 AM       0      7.22      0.00     81.44      0.00      0.00     11.34
06:35:24 AM       0      8.25      0.00     79.38      0.00      0.00     12.37
06:35:25 AM       0      8.16      0.00     80.61      0.00      0.00     11.22
06:35:26 AM       0      8.25      0.00     79.38      0.00      0.00     12.37
06:35:27 AM       0      9.09      0.00     78.79      0.00      0.00     12.12
06:35:28 AM       0      9.18      0.00     78.57      0.00      0.00     12.24
06:35:29 AM       0      8.25      0.00     79.38      0.00      0.00     12.37
06:35:30 AM       0     10.10      0.00     77.78      0.00      0.00     12.12
06:35:31 AM       0      8.25      0.00     80.41      0.00      0.00     11.34
06:35:32 AM       0     10.00      0.00     78.00      0.00      0.00     12.00
06:35:33 AM       0      9.00      0.00     79.00      0.00      0.00     12.00
06:35:34 AM       0      8.25      0.00     80.41      0.00      0.00     11.34
06:35:35 AM       0      8.25      0.00     79.38      0.00      0.00     12.37
06:35:36 AM       0      7.22      0.00     79.38      0.00      0.00     13.40
06:35:37 AM       0      8.33      0.00     79.17      0.00      0.00     12.50
06:35:38 AM       0      9.18      0.00     78.57      0.00      0.00     12.24
06:35:39 AM       0      6.19      0.00     81.44      0.00      0.00     12.37
06:35:40 AM       0      9.38      0.00     79.17      0.00      0.00     11.46
06:35:41 AM       0      8.91      0.00     79.21      0.00      0.00     11.88
06:35:42 AM       0      6.25      0.00     82.29      0.00      0.00     11.46
06:35:43 AM       0     10.31      0.00     77.32      0.00      0.00     12.37
06:35:44 AM       0      8.16      0.00     79.59      0.00      0.00     12.24
06:35:45 AM       0      8.25      0.00     80.41      0.00      0.00     11.34
06:35:46 AM       0      8.16      0.00     79.59      0.00      0.00     12.24
06:35:47 AM       0      8.25      0.00     79.38      0.00      0.00     12.37
06:35:48 AM       0      8.25      0.00     80.41      0.00      0.00     11.34
06:35:49 AM       0     10.10      0.00     77.78      0.00      0.00     12.12
06:35:50 AM       0      9.28      0.00     78.35      0.00      0.00     12.37
06:35:51 AM       0      8.42      0.00     80.00      0.00      0.00     11.58
06:35:52 AM       0      9.18      0.00     78.57      0.00      0.00     12.24
06:35:53 AM       0     10.42      0.00     77.08      0.00      0.00     12.50
06:35:54 AM       0      9.00      0.00     80.00      0.00      0.00     11.00
06:35:55 AM       0     10.10      0.00     77.78      0.00      0.00     12.12
06:35:56 AM       0      9.47      0.00     77.89      0.00      0.00     12.63
06:35:57 AM       0      7.14      0.00     81.63      0.00      0.00     11.22
06:35:58 AM       0      8.16      0.00     79.59      0.00      0.00     12.24
06:35:59 AM       0      9.38      0.00     78.12      0.00      0.00     12.50
06:36:00 AM       0      7.22      0.00     81.44      0.00      0.00     11.34
06:36:01 AM       0      7.14      0.00     79.59      0.00      0.00     13.27
06:36:02 AM       0      7.14      0.00     80.61      0.00      0.00     12.24
06:36:03 AM       0      8.16      0.00     80.61      0.00      0.00     11.22
06:36:04 AM       0      9.00      0.00     79.00      0.00      0.00     12.00
06:36:05 AM       0      7.22      0.00     80.41      0.00      0.00     12.37
06:36:06 AM       0      9.18      0.00     78.57      0.00      0.00     12.24
06:36:07 AM       0     10.10      0.00     78.79      0.00      0.00     11.11
06:36:08 AM       0      8.16      0.00     79.59      0.00      0.00     12.24
06:36:09 AM       0      8.25      0.00     79.38      0.00      0.00     12.37
06:36:10 AM       0      8.16      0.00     79.59      0.00      0.00     12.24
06:36:11 AM       0     11.22      0.00     76.53      0.00      0.00     12.24
06:36:12 AM       0      9.38      0.00     79.17      0.00      0.00     11.46
06:36:13 AM       0     10.00      0.00     78.00      0.00      0.00     12.00
06:36:14 AM       0     10.31      0.00     77.32      0.00      0.00     12.37
06:36:15 AM       0      9.28      0.00     79.38      0.00      0.00     11.34
06:36:16 AM       0      8.25      0.00     79.38      0.00      0.00     12.37
06:36:17 AM       0      8.25      0.00     79.38      0.00      0.00     12.37
06:36:18 AM       0      9.18      0.00     79.59      0.00      0.00     11.22
06:36:19 AM       0      9.18      0.00     78.57      0.00      0.00     12.24
06:36:20 AM       0      8.00      0.00     80.00      0.00      0.00     12.00
06:36:21 AM       0      7.14      0.00     81.63      0.00      0.00     11.22
06:36:22 AM       0      7.29      0.00     81.25      0.00      0.00     11.46
06:36:23 AM       0     11.11      0.00     76.77      0.00      0.00     12.12
06:36:24 AM       0      8.16      0.00     79.59      0.00      0.00     12.24
06:36:25 AM       0     11.22      0.00     76.53      0.00      0.00     12.24
06:36:26 AM       0      8.25      0.00     80.41      0.00      0.00     11.34
06:36:27 AM       0      8.08      0.00     79.80      0.00      0.00     12.12
06:36:28 AM       0      8.25      0.00     80.41      0.00      0.00     11.34
06:36:29 AM       0      7.14      0.00     80.61      0.00      0.00     12.24
06:36:30 AM       0      9.18      0.00     78.57      0.00      0.00     12.24
06:36:31 AM       0      9.18      0.00     78.57      0.00      0.00     12.24
06:36:32 AM       0      8.00      0.00     80.00      0.00      0.00     12.00
06:36:33 AM       0      8.08      0.00     79.80      0.00      0.00     12.12
06:36:34 AM       0      8.16      0.00     79.59      0.00      0.00     12.24
06:36:35 AM       0      7.14      0.00     80.61      0.00      0.00     12.24
06:36:36 AM       0      8.25      0.00     79.38      0.00      0.00     12.37
06:36:37 AM       0      8.25      0.00     79.38      0.00      0.00     12.37
06:36:38 AM       0      9.18      0.00     78.57      0.00      0.00     12.24
06:36:39 AM       0      7.00      0.00     80.00      0.00      0.00     13.00
06:36:40 AM       0      8.16      0.00     79.59      0.00      0.00     12.24
06:36:41 AM       0      8.33      0.00     79.17      0.00      0.00     12.50
06:36:42 AM       0      8.25      0.00     78.35      0.00      0.00     13.40
06:36:43 AM       0      9.09      0.00     78.79      0.00      0.00     12.12
06:36:44 AM       0      9.18      0.00     78.57      0.00      0.00     12.24
06:36:45 AM       0      7.07      0.00     81.82      0.00      0.00     11.11
06:36:46 AM       0      8.16      0.00     79.59      0.00      0.00     12.24
06:36:47 AM       0      8.08      0.00     79.80      0.00      0.00     12.12
06:36:48 AM       0      9.18      0.00     79.59      0.00      0.00     11.22
06:36:49 AM       0      9.18      0.00     79.59      0.00      0.00     11.22
06:36:50 AM       0      8.16      0.00     79.59      0.00      0.00     12.24
06:36:51 AM       0      8.16      0.00     80.61      0.00      0.00     11.22
06:36:52 AM       0      8.08      0.00     79.80      0.00      0.00     12.12
06:36:53 AM       0      8.16      0.00     80.61      0.00      0.00     11.22
06:36:54 AM       0     10.10      0.00     77.78      0.00      0.00     12.12
06:36:55 AM       0      8.25      0.00     80.41      0.00      0.00     11.34
06:36:56 AM       0     11.00      0.00     77.00      0.00      0.00     12.00
06:36:57 AM       0      8.16      0.00     79.59      0.00      0.00     12.24
06:36:58 AM       0      7.22      0.00     80.41      0.00      0.00     12.37
06:36:59 AM       0      8.33      0.00     79.17      0.00      0.00     12.50
06:37:00 AM       0      8.16      0.00     80.61      0.00      0.00     11.22
06:37:01 AM       0      9.18      0.00     78.57      0.00      0.00     12.24
06:37:02 AM       0      8.16      0.00     79.59      0.00      0.00     12.24
06:37:03 AM       0      8.33      0.00     79.17      0.00      0.00     12.50
06:37:04 AM       0      8.16      0.00     79.59      0.00      0.00     12.24
06:37:05 AM       0      8.08      0.00     80.81      0.00      0.00     11.11
06:37:06 AM       0      7.22      0.00     80.41      0.00      0.00     12.37
06:37:07 AM       0      8.08      0.00     79.80      0.00      0.00     12.12
06:37:08 AM       0      8.08      0.00     80.81      0.00      0.00     11.11
06:37:09 AM       0      8.25      0.00     79.38      0.00      0.00     12.37
06:37:10 AM       0      8.08      0.00     79.80      0.00      0.00     12.12
06:37:11 AM       0      9.18      0.00     79.59      0.00      0.00     11.22
06:37:12 AM       0      8.25      0.00     80.41      0.00      0.00     11.34
06:37:13 AM       0      6.25      0.00     81.25      0.00      0.00     12.50
06:37:14 AM       0      8.25      0.00     78.35      0.00      0.00     13.40
06:37:15 AM       0      9.09      0.00     78.79      0.00      0.00     12.12
06:37:16 AM       0      7.37      0.00     80.00      0.00      0.00     12.63
06:37:17 AM       0      7.29      0.00     80.21      0.00      0.00     12.50
06:37:18 AM       0      7.22      0.00     79.38      0.00      0.00     13.40
06:37:19 AM       0      7.14      0.00     80.61      0.00      0.00     12.24
06:37:20 AM       0      6.12      0.00     81.63      0.00      0.00     12.24
06:37:21 AM       0      8.25      0.00     79.38      0.00      0.00     12.37
06:37:22 AM       0      9.28      0.00     79.38      0.00      0.00     11.34
06:37:23 AM       0      8.42      0.00     78.95      0.00      0.00     12.63
06:37:24 AM       0      7.22      0.00     80.41      0.00      0.00     12.37
06:37:25 AM       0      8.25      0.00     80.41      0.00      0.00     11.34
06:37:26 AM       0      9.28      0.00     80.41      0.00      0.00     10.31
06:37:27 AM       0      9.28      0.00     79.38      0.00      0.00     11.34
06:37:28 AM       0      8.16      0.00     81.63      0.00      0.00     10.20
06:37:29 AM       0      9.47      0.00     78.95      0.00      0.00     11.58
06:37:30 AM       0     10.10      0.00     78.79      0.00      0.00     11.11
06:37:31 AM       0      8.42      0.00     81.05      0.00      0.00     10.53
06:37:32 AM       0      7.07      0.00     81.82      0.00      0.00     11.11
06:37:33 AM       0      8.91      0.00     80.20      0.00      0.00     10.89
06:37:34 AM       0      8.16      0.00     81.63      0.00      0.00     10.20
06:37:35 AM       0      8.33      0.00     81.25      0.00      0.00     10.42
06:37:36 AM       0      8.08      0.00     80.81      0.00      0.00     11.11
06:37:37 AM       0      9.28      0.00     80.41      0.00      0.00     10.31
06:37:38 AM       0      8.16      0.00     80.61      0.00      0.00     11.22
06:37:39 AM       0     10.31      0.00     79.38      0.00      0.00     10.31
06:37:40 AM       0      9.09      0.00     79.80      0.00      0.00     11.11
06:37:41 AM       0      9.18      0.00     80.61      0.00      0.00     10.20
06:37:42 AM       0      8.33      0.00     80.21      0.00      0.00     11.46
06:37:43 AM       0      8.16      0.00     81.63      0.00      0.00     10.20
06:37:44 AM       0      9.38      0.00     79.17      0.00      0.00     11.46
06:37:45 AM       0      7.07      0.00     82.83      0.00      0.00     10.10
06:37:46 AM       0      9.18      0.00     79.59      0.00      0.00     11.22
06:37:47 AM       0      9.09      0.00     79.80      0.00      0.00     11.11
06:37:48 AM       0     10.31      0.00     79.38      0.00      0.00     10.31
06:37:49 AM       0      8.16      0.00     81.63      0.00      0.00     10.20
06:37:50 AM       0      9.18      0.00     79.59      0.00      0.00     11.22
06:37:51 AM       0      7.22      0.00     81.44      0.00      0.00     11.34
06:37:52 AM       0      8.16      0.00     81.63      0.00      0.00     10.20
06:37:53 AM       0      7.29      0.00     82.29      0.00      0.00     10.42
06:37:54 AM       0     11.00      0.00     78.00      0.00      0.00     11.00
06:37:55 AM       0      8.16      0.00     81.63      0.00      0.00     10.20
06:37:56 AM       0     20.00      0.00     73.00      0.00      0.00      7.00
06:37:57 AM       0     28.28      0.00     69.70      0.00      0.00      2.02
06:37:58 AM       0     33.66      0.00     62.38      0.00      0.00      3.96
06:37:59 AM       0     34.74      0.00     54.74      0.00      0.00     10.53
06:38:00 AM       0     34.74      0.00     52.63      0.00      0.00     12.63
06:38:01 AM       0     35.71      0.00     53.06      0.00      0.00     11.22
06:38:02 AM       0     35.35      0.00     53.54      0.00      0.00     11.11
06:38:03 AM       0     37.63      0.00     49.46      0.00      0.00     12.90
06:38:04 AM       0     35.05      0.00     53.61      0.00      0.00     11.34
06:38:05 AM       0     36.27      0.00     51.96      0.00      0.00     11.76
06:38:06 AM       0     35.11      0.00     52.13      0.00      0.00     12.77
06:38:07 AM       0     37.93      0.00     48.28      0.00      0.00     13.79
06:38:08 AM       0     35.23      0.00     50.00      0.00      0.00     14.77
06:38:09 AM       0     36.14      0.00     49.40      0.00      0.00     14.46
06:38:10 AM       0     36.36      0.00     50.00      0.00      0.00     13.64
06:38:11 AM       0     34.07      0.00     51.65      0.00      0.00     14.29
06:38:12 AM       0     35.96      0.00     50.56      0.00      0.00     13.48
06:38:13 AM       0     32.99      0.00     54.64      0.00      0.00     12.37
06:38:14 AM       0     35.85      0.00     53.77      0.00      0.00     10.38
06:38:15 AM       0     37.36      0.00     49.45      0.00      0.00     13.19
06:38:16 AM       0     36.27      0.00     51.96      0.00      0.00     11.76
06:38:17 AM       0     36.84      0.00     51.58      0.00      0.00     11.58
06:38:18 AM       0     36.78      0.00     49.43      0.00      0.00     13.79
06:38:19 AM       0     33.68      0.00     53.68      0.00      0.00     12.63
06:38:20 AM       0     35.85      0.00     52.83      0.00      0.00     11.32
06:38:21 AM       0     36.00      0.00     52.00      0.00      0.00     12.00
06:38:22 AM       0     34.00      0.00     54.00      0.00      0.00     12.00
06:38:23 AM       0     33.70      0.00     53.26      0.00      0.00     13.04
06:38:24 AM       0     32.14      0.00     52.38      0.00      0.00     15.48
06:38:25 AM       0     35.42      0.00     52.08      0.00      0.00     12.50
06:38:26 AM       0     36.79      0.00     51.89      0.00      0.00     11.32
06:38:27 AM       0     35.23      0.00     51.14      0.00      0.00     13.64
06:38:28 AM       0     31.17      0.00     51.95      0.00      0.00     16.88
06:38:29 AM       0     33.33      0.00     54.55      0.00      0.00     12.12
06:38:30 AM       0     34.07      0.00     51.65      0.00      0.00     14.29
06:38:31 AM       0     34.48      0.00     51.72      0.00      0.00     13.79
06:38:32 AM       0     34.31      0.00     52.94      0.00      0.00     12.75
06:38:33 AM       0     34.09      0.00     52.27      0.00      0.00     13.64
06:38:34 AM       0     36.84      0.00     50.53      0.00      0.00     12.63
06:38:35 AM       0     35.11      0.00     51.06      0.00      0.00     13.83
06:38:36 AM       0     35.00      0.00     50.00      0.00      0.00     15.00
06:38:37 AM       0     34.41      0.00     52.69      0.00      0.00     12.90
06:38:38 AM       0     34.65      0.00     52.48      0.00      0.00     12.87
06:38:39 AM       0     32.32      0.00     55.56      0.00      0.00     12.12
06:38:40 AM       0     37.78      0.00     48.89      0.00      0.00     13.33
06:38:41 AM       0     33.71      0.00     52.81      0.00      0.00     13.48
06:38:42 AM       0     38.83      0.00     49.51      0.00      0.00     11.65
06:38:43 AM       0     35.87      0.00     51.09      0.00      0.00     13.04
06:38:44 AM       0     35.11      0.00     51.06      0.00      0.00     13.83
06:38:45 AM       0     37.08      0.00     49.44      0.00      0.00     13.48
06:38:46 AM       0     34.41      0.00     52.69      0.00      0.00     12.90
06:38:47 AM       0     32.26      0.00     53.76      0.00      0.00     13.98
06:38:48 AM       0     37.76      0.00     51.02      0.00      0.00     11.22
06:38:49 AM       0     34.69      0.00     53.06      0.00      0.00     12.24
06:38:50 AM       0     35.58      0.00     52.88      0.00      0.00     11.54
06:38:51 AM       0     37.50      0.00     51.04      0.00      0.00     11.46
06:38:52 AM       0     36.63      0.00     51.49      0.00      0.00     11.88
06:38:53 AM       0     36.36      0.00     52.53      0.00      0.00     11.11
06:38:54 AM       0     32.99      0.00     50.52      0.00      0.00     16.49
06:38:55 AM       0     24.00      0.00     35.00      0.00      0.00     41.00
06:38:56 AM       0      7.22      0.00      7.22      0.00      0.00     85.57
06:38:57 AM       0      0.00      0.00      0.00      0.00      0.00    100.00
06:38:58 AM       0      0.00      0.00      0.00      0.00      0.00    100.00
06:38:59 AM       0      0.00      0.00      0.00      0.00      0.00    100.00
06:39:00 AM       0      0.00      0.00      0.00      0.00      0.00    100.00
06:39:01 AM       0      0.00      0.00      0.00      0.00      0.00    100.00
06:39:02 AM       0      0.00      0.00      0.00      0.00      0.00    100.00


06:39:02 AM       0      0.00      0.00      0.00      0.00      0.00    100.00
Average:          0     15.38      0.00     68.86      0.00      0.00     15.76
